<number of tasks>
111

<cycle time>
6016

<task times>
1 1960
2 1715
3 735
4 1715
5 490
6 1225
7 169
8 2252
9 1225
10 2319
11 1715
12 980
13 735
14 2281
15 2750
16 77
17 89
18 51
19 364
20 405
21 3060
22 125
23 3429
24 43
25 3430
26 1960
27 29
28 27
29 15
30 121
31 1715
32 2127
33 1470
34 4037
35 68
36 62
37 42
38 364
39 4998
40 1470
41 2963
42 5689
43 68
44 18
45 10
46 81
47 5200
48 39
49 67
50 27
51 15
52 121
53 58
54 1715
55 125
56 4010
57 1470
58 1470
59 2303
60 1960
61 2205
62 4018
63 2744
64 2999
65 735
66 735
67 735
68 735
69 545
70 3386
71 3234
72 2205
73 2206
74 490
75 825
76 3528
77 3568
78 1200
79 618
80 1470
81 1715
82 735
83 1960
84 2889
85 618
86 490
87 735
88 490
89 921
90 326
91 5390
92 243
93 371
94 58
95 5059
96 1225
97 769
98 768
99 1670
100 1670
101 490
102 202
103 203
104 202
105 2744
106 162
107 324
108 162
109 121
110 162
111 91

<precedence relations>
1,2
2,3
3,4
4,5
4,6
4,7
4,8
4,9
4,10
5,39
6,39
7,83
8,71
9,32
10,11
10,12
11,13
11,14
11,15
11,16
11,17
11,18
11,19
11,20
11,21
12,13
12,14
12,15
12,16
12,17
12,18
12,19
12,20
12,21
13,71
14,22
14,23
14,24
14,25
15,26
16,27
17,28
18,29
19,30
20,91
21,111
22,31
22,83
23,32
23,33
24,69
24,70
25,34
26,82
27,35
28,36
29,37
30,38
31,39
32,41
33,111
34,42
35,43
36,44
36,91
37,45
37,91
38,46
38,91
39,40
40,111
41,69
41,70
42,47
43,48
43,49
44,50
45,51
46,52
47,54
47,55
47,56
47,57
47,58
47,59
47,60
48,53
49,91
50,111
51,111
52,111
53,111
54,69
54,70
55,61
55,62
55,63
56,63
56,64
57,65
57,91
58,66
58,91
59,67
59,91
60,68
60,91
61,69
61,70
62,71
63,111
64,72
65,111
66,111
67,111
68,111
69,77
69,78
70,73
71,91
72,74
73,75
74,76
75,77
75,78
75,79
76,80
76,81
76,82
77,83
78,84
79,85
80,86
80,91
81,87
81,91
82,111
83,91
84,88
84,89
84,91
85,111
86,111
87,90
88,105
89,105
90,111
91,92
91,93
91,94
92,95
93,95
94,95
95,96
95,97
95,98
95,99
95,100
95,104
96,101
97,102
98,103
99,111
100,111
101,105
102,106
102,107
103,107
103,108
104,111
105,111
106,109
107,111
108,110
109,111
110,111

<setup times forward>
1,2:133
2,3:184
3,4:97
4,5:14
4,6:120
4,7:52
4,8:162
4,9:24
4,10:95
5,6:106
5,7:38
5,8:148
5,9:38
5,10:81
5,11:181
5,12:50
5,13:2
5,14:62
5,15:202
5,16:185
5,17:90
5,18:65
5,19:2
5,20:59
5,21:53
5,22:146
5,23:44
5,24:66
5,25:90
5,26:160
5,27:222
5,28:3
5,29:188
5,30:41
5,31:57
5,32:84
5,33:29
5,34:34
5,35:215
5,36:5
5,37:172
5,38:89
5,39:77
5,41:171
5,42:219
5,43:18
5,44:58
5,45:82
5,46:37
5,47:126
5,48:150
5,49:83
5,50:43
5,51:24
5,52:169
5,53:21
5,54:180
5,55:19
5,56:67
5,57:92
5,58:217
5,59:37
5,60:12
5,61:33
5,62:117
5,63:41
5,64:31
5,65:185
5,66:108
5,67:7
5,68:68
5,69:10
5,70:52
5,71:135
5,72:108
5,73:63
5,74:102
5,75:35
5,76:37
5,77:21
5,78:140
5,79:23
5,80:6
5,81:29
5,82:38
5,83:34
5,84:52
5,85:97
5,86:84
5,87:85
5,88:163
5,89:110
5,90:201
5,91:22
5,92:75
5,93:90
5,94:60
5,95:46
5,96:23
5,97:7
5,98:220
5,99:30
5,100:215
5,101:34
5,102:124
5,103:198
5,104:95
5,105:215
5,106:31
5,107:93
5,108:37
5,109:13
5,110:85
6,5:106
6,7:68
6,8:42
6,9:144
6,10:25
6,11:75
6,12:56
6,13:108
6,14:168
6,15:96
6,16:79
6,17:196
6,18:41
6,19:104
6,20:165
6,21:159
6,22:40
6,23:150
6,24:40
6,25:16
6,26:54
6,27:116
6,28:103
6,29:82
6,30:65
6,31:163
6,32:190
6,33:77
6,34:72
6,35:109
6,36:111
6,37:66
6,38:195
6,39:29
6,41:65
6,42:113
6,43:88
6,44:48
6,45:24
6,46:143
6,47:20
6,48:44
6,49:23
6,50:149
6,51:82
6,52:63
6,53:85
6,54:74
6,55:125
6,56:173
6,57:14
6,58:111
6,59:69
6,60:94
6,61:73
6,62:11
6,63:147
6,64:75
6,65:79
6,66:2
6,67:113
6,68:174
6,69:116
6,70:158
6,71:29
6,72:2
6,73:43
6,74:4
6,75:71
6,76:69
6,77:127
6,78:34
6,79:83
6,80:112
6,81:77
6,82:144
6,83:140
6,84:54
6,85:203
6,86:22
6,87:191
6,88:57
6,89:4
6,90:95
6,91:84
6,92:181
6,93:196
6,94:166
6,95:152
6,96:83
6,97:99
6,98:114
6,99:76
6,100:109
6,101:72
6,102:18
6,103:92
6,104:201
6,105:109
6,106:137
6,107:199
6,108:143
6,109:93
6,110:21
7,5:38
7,6:68
7,8:110
7,9:76
7,10:43
7,11:143
7,12:12
7,13:40
7,14:100
7,15:164
7,16:147
7,17:128
7,18:27
7,19:36
7,20:97
7,21:91
7,22:108
7,23:82
7,24:28
7,25:52
7,26:122
7,27:184
7,28:35
7,29:150
7,30:3
7,31:95
7,32:122
7,33:9
7,34:4
7,35:177
7,36:43
7,37:134
7,38:127
7,39:39
7,40:115
7,41:133
7,42:181
7,43:20
7,44:20
7,45:44
7,46:75
7,47:88
7,48:112
7,49:45
7,50:81
7,51:14
7,52:131
7,53:17
7,54:142
7,55:57
7,56:105
7,57:54
7,58:179
7,59:1
7,60:26
7,61:5
7,62:79
7,63:79
7,64:7
7,65:147
7,66:70
7,67:45
7,68:106
7,69:48
7,70:90
7,71:97
7,72:70
7,73:25
7,74:64
7,75:3
7,76:1
7,77:59
7,78:102
7,79:15
7,80:44
7,81:9
7,82:76
7,83:72
7,84:14
7,85:135
7,86:46
7,87:123
7,88:125
7,89:72
7,90:163
8,5:148
8,6:42
8,7:110
8,9:186
8,10:67
8,11:33
8,12:98
8,13:150
8,14:210
8,15:54
8,16:37
8,17:238
8,18:83
8,19:146
8,20:207
8,21:201
8,22:2
8,23:192
8,24:82
8,25:58
8,26:12
8,27:74
8,28:145
8,29:40
8,30:107
8,31:205
8,32:232
8,33:119
8,34:114
8,35:67
8,36:153
8,37:24
8,38:237
8,39:71
8,40:5
8,41:23
8,42:71
8,43:130
8,44:90
8,45:66
8,46:185
8,47:22
8,48:2
8,49:65
8,50:191
8,51:124
8,52:21
8,53:127
8,54:32
8,55:167
8,56:215
8,57:56
8,58:69
8,59:111
8,60:136
8,61:115
8,62:31
8,63:189
8,64:117
8,65:37
8,66:40
8,67:155
8,68:216
8,69:158
8,70:200
8,71:13
8,72:40
8,73:85
8,74:46
8,75:113
8,76:111
8,77:169
8,78:8
8,79:125
8,80:154
8,81:119
8,82:186
8,83:182
8,84:96
8,85:245
8,86:64
8,87:233
8,88:15
8,89:38
8,90:53
9,5:38
9,6:144
9,7:76
9,8:186
9,10:119
9,11:219
9,12:88
9,13:36
9,14:24
9,15:240
9,16:223
9,17:52
9,18:103
9,19:40
9,20:21
9,21:15
9,22:184
9,23:6
9,24:104
9,25:128
9,26:198
9,27:260
9,28:41
9,29:226
9,30:79
9,31:19
9,32:46
9,33:67
9,34:72
9,35:253
9,36:33
9,37:210
9,38:51
9,39:115
9,40:191
9,42:257
9,43:56
9,44:96
9,45:120
9,46:1
9,47:164
9,48:188
9,49:121
9,50:5
9,51:62
9,52:207
9,53:59
9,54:218
9,55:19
9,56:29
9,57:130
9,58:255
9,59:75
9,60:50
9,61:71
9,62:155
9,63:3
9,64:69
9,65:223
9,66:146
9,67:31
9,68:30
9,71:173
9,72:146
9,74:140
9,76:75
9,80:32
9,81:67
9,86:122
9,87:47
9,90:239
10,5:81
10,6:25
10,7:43
10,8:67
10,9:119
10,11:100
10,12:31
11,5:181
11,6:75
11,7:143
11,8:33
11,9:219
11,12:131
11,13:183
11,14:243
11,15:21
11,16:4
11,17:271
11,18:116
11,19:179
11,20:240
11,21:234
12,5:50
12,6:56
12,7:12
12,8:98
12,9:88
12,11:131
12,13:52
12,14:112
12,15:152
12,16:135
12,17:140
12,18:15
12,19:48
12,20:109
12,21:103
13,5:2
13,6:108
13,7:40
13,8:150
13,9:36
13,14:60
13,15:204
13,16:187
13,17:88
13,18:67
13,19:4
13,20:57
13,21:51
13,22:148
13,23:42
13,24:68
13,25:92
13,26:162
13,27:224
13,28:5
13,29:190
13,30:43
13,31:55
13,32:82
13,33:31
13,34:36
13,35:217
13,36:3
13,37:174
13,38:87
13,39:79
13,40:155
13,41:173
13,42:221
13,43:20
13,44:60
13,45:84
13,46:35
13,47:128
13,48:152
13,49:85
13,50:41
13,51:26
13,52:171
13,53:23
13,54:182
13,55:17
13,56:65
13,57:94
13,58:219
13,59:39
13,60:14
13,61:35
13,62:119
13,63:39
13,64:33
13,65:187
13,66:110
13,67:5
13,68:66
13,69:8
13,70:50
13,71:137
13,72:110
13,73:65
13,74:104
13,75:37
13,76:39
13,77:19
13,78:142
13,79:25
13,80:4
13,81:31
13,82:36
13,83:32
13,84:54
13,85:95
13,86:86
13,87:83
13,88:165
13,89:112
13,90:203
14,5:62
14,6:168
14,7:100
14,8:210
14,9:24
14,13:60
14,15:264
14,16:247
14,17:28
14,18:127
14,19:64
14,20:3
14,21:9
14,22:208
14,23:18
14,24:128
14,25:152
14,26:222
14,27:284
14,28:65
14,29:250
14,30:103
14,35:277
14,36:57
14,37:234
14,38:27
14,43:80
14,44:120
14,45:144
14,46:25
14,48:212
14,49:145
14,50:19
14,51:86
14,52:231
14,53:83
15,5:202
15,6:96
15,7:164
15,8:54
15,9:240
15,13:204
15,14:264
15,16:17
15,17:292
15,18:137
15,19:200
15,20:261
15,21:255
15,22:56
15,23:246
15,24:136
15,25:112
15,26:42
15,27:20
15,28:199
15,29:14
15,30:161
15,31:259
15,32:286
15,33:173
15,34:168
15,35:13
15,36:207
15,37:30
15,38:291
15,39:125
15,40:49
15,41:31
15,42:17
15,43:184
15,44:144
15,45:120
15,46:239
15,47:76
15,48:52
15,49:119
15,50:245
15,51:178
15,52:33
15,53:181
15,54:22
15,55:221
15,56:269
15,57:110
15,58:15
15,59:165
15,60:190
15,61:169
15,62:85
15,63:243
15,64:171
15,65:17
15,66:94
15,67:209
15,68:270
15,69:212
15,70:254
15,71:67
15,72:94
15,73:139
15,74:100
15,75:167
15,76:165
15,77:223
15,78:62
15,79:179
15,80:208
15,81:173
15,83:236
15,84:150
15,85:299
15,86:118
15,87:287
15,88:39
15,89:92
15,90:1
15,91:180
15,92:277
15,93:292
15,94:262
15,95:248
15,96:179
15,97:195
15,98:18
15,99:172
15,100:13
15,101:168
15,102:78
15,103:4
15,104:297
15,105:13
15,106:233
15,107:295
15,108:239
15,109:189
15,110:117
16,5:185
16,6:79
16,7:147
16,8:37
16,9:223
16,13:187
16,14:247
16,15:17
16,17:275
16,18:120
16,19:183
16,20:244
16,21:238
16,22:39
16,23:229
16,24:119
16,25:95
16,26:25
16,27:37
16,28:182
16,29:3
16,30:144
16,31:242
16,32:269
16,33:156
16,34:151
16,36:190
16,37:13
16,38:274
16,39:108
16,40:32
16,41:14
16,42:34
16,44:127
16,45:103
16,46:222
16,47:59
16,50:228
16,51:161
16,52:16
16,54:5
16,55:204
16,56:252
16,57:93
16,58:32
16,59:148
16,60:173
16,61:152
16,62:68
16,63:226
16,64:154
16,66:77
16,67:192
16,68:253
16,69:195
16,70:237
16,71:50
16,72:77
16,73:122
16,74:83
16,75:150
16,76:148
16,77:206
16,78:45
16,79:162
16,80:191
16,81:156
16,82:223
16,83:219
16,84:133
16,85:282
16,86:101
16,87:270
16,88:22
16,89:75
16,90:16
17,5:90
17,6:196
17,7:128
17,8:238
17,9:52
17,13:88
17,14:28
17,15:292
17,16:275
17,18:155
17,19:92
17,20:31
17,21:37
17,22:236
17,23:46
17,24:156
17,25:180
17,26:250
17,27:312
17,28:93
17,29:278
17,30:131
17,31:33
17,32:6
17,33:119
17,34:124
17,35:305
17,37:262
17,38:1
17,39:167
17,40:243
17,41:261
17,42:309
17,43:108
17,45:172
17,46:53
17,47:216
17,48:240
17,49:173
17,51:114
17,52:259
17,53:111
17,54:270
17,55:71
17,56:23
17,57:182
17,58:307
17,59:127
17,60:102
17,61:123
17,62:207
17,63:49
17,64:121
17,65:275
17,66:198
17,67:83
17,68:22
17,69:80
17,70:38
17,71:225
17,72:198
17,73:153
17,74:192
17,75:125
17,76:127
17,77:69
17,78:230
17,79:113
17,80:84
17,81:119
17,82:52
17,83:56
17,84:142
17,85:7
17,86:174
17,87:5
17,88:253
17,89:200
17,90:291
18,5:65
18,6:41
18,7:27
18,8:83
18,9:103
18,13:67
18,14:127
18,15:137
18,16:120
18,17:155
18,19:63
18,20:124
18,21:118
18,22:81
18,23:109
18,24:1
18,25:25
18,26:95
18,27:157
18,28:62
18,29:123
18,30:24
18,31:122
18,32:149
18,33:36
18,34:31
18,35:150
18,36:70
18,38:154
18,39:12
18,40:88
18,41:106
18,42:154
18,43:47
18,44:7
18,46:102
18,47:61
18,48:85
18,49:18
18,50:108
18,52:104
18,53:44
18,54:115
18,55:84
18,56:132
18,57:27
18,58:152
18,59:28
18,60:53
18,61:32
18,62:52
18,63:106
18,64:34
18,65:120
18,66:43
18,67:72
18,68:133
18,69:75
18,70:117
18,71:70
18,72:43
18,73:2
18,74:37
18,75:30
18,76:28
18,77:86
18,78:75
18,79:42
18,80:71
18,81:36
18,82:103
18,83:99
18,84:13
18,85:162
18,86:19
18,87:150
18,88:98
18,89:45
18,90:136
19,5:2
19,6:104
19,7:36
19,8:146
19,9:40
19,13:4
19,14:64
19,15:200
19,16:183
19,17:92
19,18:63
19,20:61
19,21:55
19,22:144
19,23:46
19,24:64
19,25:88
19,26:158
19,27:220
19,28:1
19,29:186
19,30:39
19,31:59
19,32:86
19,33:27
19,34:32
19,35:213
19,36:7
19,37:170
19,39:75
19,40:151
19,41:169
19,42:217
19,43:16
19,44:56
19,45:80
19,47:124
19,48:148
19,49:81
19,50:45
19,51:22
19,53:19
19,54:178
19,55:21
19,56:69
19,57:90
19,58:215
19,59:35
19,60:10
19,61:31
19,62:115
19,63:43
19,64:29
19,65:183
19,66:106
19,67:9
19,68:70
19,69:12
19,70:54
19,71:133
19,72:106
19,73:61
19,74:100
19,75:33
19,76:35
19,77:23
19,78:138
19,79:21
19,80:8
19,81:27
19,82:40
19,83:36
19,84:50
19,85:99
19,86:82
19,87:87
19,88:161
19,89:108
19,90:199
20,5:59
20,6:165
20,7:97
20,8:207
20,9:21
20,13:57
20,14:3
20,15:261
20,16:244
20,17:31
20,18:124
20,19:61
20,21:6
20,22:205
20,23:15
20,24:125
20,25:149
20,26:219
20,27:281
20,28:62
20,29:247
20,30:100
20,31:2
20,32:25
20,33:88
20,34:93
20,35:274
20,36:54
20,37:231
20,38:30
20,39:136
20,40:212
20,41:230
20,42:278
20,43:77
20,44:117
20,45:141
20,46:22
20,47:185
20,48:209
20,49:142
20,50:16
20,51:83
20,52:228
20,53:80
20,54:239
20,55:40
20,56:8
20,57:151
20,58:276
20,59:96
20,60:71
20,61:92
20,62:176
20,63:18
20,64:90
20,65:244
20,66:167
20,67:52
20,68:9
20,69:49
20,70:7
20,71:194
20,72:167
20,73:122
20,74:161
20,75:94
20,76:96
20,77:38
20,78:199
20,79:82
20,80:53
20,81:88
20,82:21
20,83:25
20,84:111
20,85:38
20,86:143
20,87:26
20,88:222
20,89:169
20,90:260
20,91:81
21,5:53
21,6:159
21,7:91
21,8:201
21,9:15
21,13:51
21,14:9
21,15:255
21,16:238
21,17:37
21,18:118
21,19:55
21,20:6
21,22:199
21,23:9
21,24:119
21,25:143
21,26:213
21,27:275
21,28:56
21,29:241
21,30:94
21,31:4
21,32:31
21,33:82
21,34:87
21,35:268
21,36:48
21,37:225
21,38:36
21,39:130
21,40:206
21,41:224
21,42:272
21,43:71
21,44:111
21,45:135
21,46:16
21,47:179
21,48:203
21,49:136
21,50:10
21,51:77
21,52:222
21,53:74
21,54:233
21,55:34
21,56:14
21,57:145
21,58:270
21,59:90
21,60:65
21,61:86
21,62:170
21,63:12
21,64:84
21,65:238
21,66:161
21,67:46
21,68:15
21,69:43
21,70:1
21,71:188
21,72:161
21,73:116
21,74:155
21,75:88
21,76:90
21,77:32
21,78:193
21,79:76
21,80:47
21,81:82
21,82:15
21,83:19
21,84:105
21,85:44
21,86:137
21,87:32
21,88:216
21,89:163
21,90:254
21,91:75
21,92:22
21,93:37
21,94:7
21,95:7
21,96:76
21,97:60
21,98:273
21,99:83
21,100:268
21,101:87
21,102:177
21,103:251
21,104:42
21,105:268
21,106:22
21,107:40
21,108:16
21,109:66
21,110:138
21,111:119
22,5:146
22,6:40
22,7:108
22,8:2
22,9:184
22,13:148
22,15:56
22,16:39
22,17:236
22,18:81
22,19:144
22,20:205
22,21:199
22,23:190
22,24:80
22,25:56
22,26:14
22,27:76
22,28:143
22,29:42
22,30:105
22,31:203
22,32:230
22,33:117
22,34:112
22,35:69
22,36:151
22,37:26
22,38:235
22,41:25
22,42:73
22,43:128
22,44:88
22,45:64
22,46:183
22,47:20
22,48:4
22,49:63
22,50:189
22,51:122
22,52:23
22,53:125
22,54:34
22,55:165
22,56:213
22,57:54
22,58:71
22,59:109
22,60:134
22,61:113
22,62:29
22,63:187
22,64:115
22,65:39
22,66:38
22,67:153
22,68:214
22,69:156
22,70:198
22,71:11
22,72:38
22,73:83
22,74:44
22,75:111
22,76:109
22,77:167
22,78:6
22,79:123
22,80:152
22,81:117
22,82:184
22,83:180
22,84:94
22,85:243
22,86:62
22,87:231
22,88:17
22,89:36
22,90:55
23,5:44
23,6:150
23,7:82
23,8:192
23,9:6
23,13:42
23,15:246
23,16:229
23,17:46
23,18:109
23,19:46
23,20:15
23,21:9
23,22:190
23,24:110
23,25:134
23,26:204
23,27:266
23,28:47
23,29:232
23,30:85
23,31:13
23,32:40
23,33:73
23,34:78
23,35:259
23,36:39
23,37:216
23,38:45
23,39:121
23,40:197
23,42:263
23,43:62
23,44:102
23,45:126
23,46:7
23,47:170
23,48:194
23,49:127
23,50:1
23,51:68
23,52:213
23,53:65
23,54:224
23,55:25
23,56:23
23,57:136
23,58:261
23,59:81
23,60:56
23,61:77
23,62:161
23,63:3
23,64:75
23,65:229
23,66:152
23,67:37
23,68:24
23,71:179
23,72:152
23,74:146
23,76:81
23,80:38
23,81:73
23,82:6
23,86:128
23,87:41
23,90:245
24,5:66
24,6:40
24,7:28
24,8:82
24,9:104
24,13:68
24,15:136
24,16:119
24,17:156
24,18:1
24,19:64
24,20:125
24,21:119
24,22:80
24,23:110
24,25:24
24,26:94
24,27:156
24,28:63
24,29:122
24,30:25
24,31:123
24,32:150
24,33:37
24,34:32
24,35:149
24,36:71
24,37:106
24,38:155
24,39:11
24,40:87
24,41:105
24,42:153
24,43:48
24,44:8
24,45:16
24,46:103
24,47:60
24,48:84
24,49:17
24,50:109
24,51:42
24,52:103
24,53:45
24,54:114
24,55:85
24,56:133
24,57:26
24,58:151
24,59:29
24,60:54
24,61:33
24,62:51
24,63:107
24,64:35
24,65:119
24,66:42
24,67:73
24,68:134
24,69:76
24,70:118
24,71:69
24,72:42
24,74:36
24,76:29
24,80:72
24,81:37
24,82:104
24,86:18
24,87:151
24,90:135
25,5:90
25,6:16
25,7:52
25,8:58
25,9:128
25,13:92
25,15:112
25,16:95
25,17:180
25,18:25
25,19:88
25,20:149
25,21:143
25,22:56
25,23:134
25,24:24
25,26:70
25,27:132
25,28:87
25,29:98
25,30:49
25,31:147
25,32:174
25,33:61
25,34:56
25,35:125
25,36:95
25,37:82
25,38:179
25,39:13
25,40:63
25,41:81
25,43:72
25,44:32
25,45:8
25,46:127
25,48:60
25,49:7
25,50:133
25,51:66
25,52:79
25,53:69
26,5:160
26,6:54
26,7:122
26,8:12
26,9:198
26,13:162
26,14:222
26,16:25
26,17:250
26,18:95
26,19:158
26,20:219
26,21:213
26,22:14
26,23:204
26,24:94
26,25:70
26,27:62
26,28:157
26,29:28
26,30:119
26,31:217
26,32:244
26,33:131
26,34:126
26,35:55
26,36:165
26,37:12
26,38:249
26,39:83
26,40:7
26,41:11
26,42:59
26,43:142
26,44:102
26,45:78
26,46:197
26,47:34
26,48:10
26,49:77
26,50:203
26,51:136
26,52:9
26,53:139
26,54:20
26,55:179
26,56:227
26,57:68
26,58:57
26,59:123
26,60:148
26,61:127
26,62:43
26,63:201
26,64:129
26,65:25
26,66:52
26,67:167
26,68:228
26,69:170
26,70:212
26,71:25
26,72:52
26,73:97
26,74:58
26,75:125
26,76:123
26,77:181
26,78:20
26,79:137
26,80:166
26,81:131
26,82:198
26,83:194
26,84:108
26,85:257
26,86:76
26,87:245
26,88:3
26,89:50
26,90:41
26,91:138
26,92:235
26,93:250
26,94:220
26,95:206
26,96:137
26,97:153
26,98:60
26,99:130
26,100:55
26,101:126
26,102:36
26,103:38
26,104:255
26,105:55
26,106:191
26,107:253
26,108:197
26,109:147
26,110:75
27,5:222
27,6:116
27,7:184
27,8:74
27,9:260
27,13:224
27,14:284
27,15:20
27,17:312
27,18:157
27,19:220
27,20:281
27,21:275
27,22:76
27,23:266
27,24:156
27,25:132
27,26:62
27,28:219
27,29:34
27,30:181
27,31:279
27,32:306
27,33:193
27,34:188
27,35:7
27,36:227
27,37:50
27,38:311
27,39:145
27,40:69
27,41:51
27,42:3
27,44:164
27,45:140
27,46:259
27,47:96
27,50:265
27,51:198
27,52:53
27,54:42
27,55:241
27,56:289
27,57:130
27,58:5
27,59:185
27,60:210
27,61:189
27,62:105
27,63:263
27,64:191
27,65:37
27,66:114
27,67:229
27,68:290
27,69:232
27,70:274
27,71:87
27,72:114
27,73:159
27,74:120
27,75:187
27,76:185
27,77:243
27,78:82
27,79:199
27,80:228
27,81:193
27,82:260
27,83:256
27,84:170
27,85:319
27,86:138
27,87:307
27,88:59
27,89:112
27,90:21
28,5:3
28,6:103
28,7:35
28,8:145
28,9:41
28,13:5
28,14:65
28,15:199
28,16:182
28,18:62
28,19:1
28,20:62
28,21:56
28,22:143
28,23:47
28,24:63
28,25:87
28,26:157
28,27:219
28,29:185
28,30:38
28,31:60
28,32:87
28,33:26
28,34:31
28,35:212
28,36:8
28,37:169
28,38:92
28,39:74
28,40:150
28,41:168
28,42:216
28,43:15
28,45:79
28,46:40
28,47:123
28,48:147
28,49:80
28,51:21
28,52:166
28,53:18
28,54:177
28,55:22
28,56:70
28,57:89
28,58:214
28,59:34
28,60:9
28,61:30
28,62:114
28,63:44
28,64:28
28,65:182
28,66:105
28,67:10
28,68:71
28,69:13
28,70:55
28,71:132
28,72:105
28,73:60
28,74:99
28,75:32
28,76:34
28,77:24
28,78:137
28,79:20
28,80:9
28,81:26
28,82:41
28,83:37
28,84:49
28,85:100
28,86:81
28,87:88
28,88:160
28,89:107
28,90:198
29,5:188
29,6:82
29,7:150
29,8:40
29,9:226
29,13:190
29,14:250
29,15:14
29,16:3
29,17:278
29,19:186
29,20:247
29,21:241
29,22:42
29,23:232
29,24:122
29,25:98
29,26:28
29,27:34
29,28:185
29,30:147
29,31:245
29,32:272
29,33:159
29,34:154
29,35:27
29,36:193
29,37:16
29,38:277
29,39:111
29,40:35
29,41:17
29,42:31
29,43:170
29,44:130
29,46:225
29,47:62
29,48:38
29,49:105
29,50:231
29,52:19
29,53:167
29,54:8
29,55:207
29,56:255
29,57:96
29,58:29
29,59:151
29,60:176
29,61:155
29,62:71
29,63:229
29,64:157
29,65:3
29,66:80
29,67:195
29,68:256
29,69:198
29,70:240
29,71:53
29,72:80
29,73:125
29,74:86
29,75:153
29,76:151
29,77:209
29,78:48
29,79:165
29,80:194
29,81:159
29,82:226
29,83:222
29,84:136
29,85:285
29,86:104
29,87:273
29,88:25
29,89:78
29,90:13
30,5:41
30,6:65
30,7:3
30,8:107
30,9:79
30,13:43
30,14:103
30,15:161
30,16:144
30,17:131
30,18:24
30,20:100
30,21:94
30,22:105
30,23:85
30,24:25
30,25:49
30,26:119
30,27:181
30,28:38
30,29:147
30,31:98
30,32:125
30,33:12
30,34:7
30,35:174
30,36:46
30,37:131
30,38:130
30,39:36
30,40:112
30,41:130
30,42:178
30,43:23
30,44:17
30,45:41
30,47:85
30,48:109
30,49:42
30,50:84
30,51:17
30,53:20
30,54:139
30,55:60
30,56:108
30,57:51
30,58:176
30,59:4
30,60:29
30,61:8
30,62:76
30,63:82
30,64:10
30,65:144
30,66:67
30,67:48
30,68:109
30,69:51
30,70:93
30,71:94
30,72:67
30,73:22
30,74:61
30,75:6
30,76:4
30,77:62
30,78:99
30,79:18
30,80:47
30,81:12
30,82:79
30,83:75
30,84:11
30,85:138
30,86:43
30,87:126
30,88:122
30,89:69
30,90:160
31,5:57
31,6:163
31,7:95
31,8:205
31,9:19
31,13:55
31,15:259
31,16:242
31,17:33
31,18:122
31,19:59
31,20:2
31,21:4
31,23:13
31,24:123
31,25:147
31,26:217
31,27:279
31,28:60
31,29:245
31,30:98
31,32:27
31,33:86
31,34:91
31,35:272
31,36:52
31,37:229
31,38:32
31,39:134
31,41:228
31,42:276
31,43:75
31,44:115
31,45:139
31,46:20
31,47:183
31,48:207
31,49:140
31,50:14
31,51:81
31,52:226
31,53:78
31,54:237
31,55:38
31,56:10
31,57:149
31,58:274
31,59:94
31,60:69
31,61:90
31,62:174
31,63:16
31,64:88
31,65:242
31,66:165
31,67:50
31,68:11
31,69:47
31,70:5
31,71:192
31,72:165
31,73:120
31,74:159
31,75:92
31,76:94
31,77:36
31,78:197
31,79:80
31,80:51
31,81:86
31,82:19
31,83:23
31,84:109
31,85:40
31,86:141
31,87:28
31,88:220
31,89:167
31,90:258
31,91:79
31,92:18
31,93:33
31,94:3
31,95:11
31,96:80
31,97:64
31,98:277
31,99:87
31,100:272
31,101:91
31,102:181
31,103:255
31,104:38
31,105:272
31,106:26
31,107:36
31,108:20
31,109:70
31,110:142
32,5:84
32,6:190
32,7:122
32,8:232
32,13:82
32,15:286
32,16:269
32,17:6
32,18:149
32,19:86
32,20:25
32,21:31
32,22:230
32,24:150
32,25:174
32,26:244
32,27:306
32,28:87
32,29:272
32,30:125
32,31:27
32,33:113
32,34:118
32,35:299
32,36:79
32,37:256
32,38:5
32,39:161
32,40:237
32,41:255
32,42:303
32,43:102
32,44:142
32,45:166
32,46:47
32,47:210
32,48:234
32,49:167
32,50:41
32,51:108
32,52:253
32,53:105
32,54:264
32,55:65
32,56:17
32,57:176
32,58:301
32,59:121
32,60:96
32,61:117
32,62:201
32,63:43
32,64:115
32,65:269
32,66:192
32,67:77
32,68:16
32,71:219
32,72:192
32,74:186
32,76:121
32,80:78
32,81:113
32,82:46
32,86:168
32,87:1
32,90:285
33,5:29
33,6:77
33,7:9
33,8:119
33,9:67
33,13:31
33,15:173
33,16:156
33,17:119
33,18:36
33,19:27
33,20:88
33,21:82
33,22:117
33,24:37
33,25:61
33,26:131
33,27:193
33,28:26
33,29:159
33,30:12
33,31:86
33,32:113
33,34:5
33,35:186
33,36:34
33,37:143
33,38:118
33,39:48
33,40:124
33,41:142
33,42:190
33,43:11
33,44:29
33,45:53
33,46:66
33,47:97
33,48:121
33,49:54
33,50:72
33,51:5
33,52:140
33,53:8
33,54:151
33,55:48
33,56:96
33,57:63
33,58:188
33,59:8
33,60:17
33,61:4
33,62:88
33,63:70
33,64:2
33,65:156
33,66:79
33,67:36
33,68:97
33,69:39
33,70:81
33,71:106
33,72:79
33,73:34
33,74:73
33,75:6
33,76:8
33,77:50
33,78:111
33,79:6
33,80:35
33,82:67
33,83:63
33,84:23
33,85:126
33,86:55
33,87:114
33,88:134
33,89:81
33,90:172
33,91:7
33,92:104
33,93:119
33,94:89
33,95:75
33,96:6
33,97:22
33,98:191
33,99:1
33,100:186
33,101:5
33,102:95
33,103:169
33,104:124
33,105:186
33,106:60
33,107:122
33,108:66
33,109:16
33,110:56
33,111:37
34,5:34
34,6:72
34,7:4
34,8:114
34,9:72
34,13:36
34,15:168
34,16:151
34,17:124
34,18:31
34,19:32
34,20:93
34,21:87
34,22:112
34,23:78
34,24:32
34,26:126
34,27:188
34,28:31
34,29:154
34,30:7
34,31:91
34,32:118
34,33:5
34,35:181
34,36:39
34,37:138
34,38:123
34,39:43
34,40:119
34,41:137
34,42:185
34,43:16
34,44:24
34,45:48
34,46:71
34,48:116
34,49:49
34,50:77
34,51:10
34,52:135
34,53:13
35,5:215
35,6:109
35,7:177
35,8:67
35,9:253
35,13:217
35,14:277
35,15:13
35,17:305
35,18:150
35,19:213
35,20:274
35,21:268
35,22:69
35,23:259
35,24:149
35,25:125
35,26:55
35,28:212
35,29:27
35,30:174
35,31:272
35,32:299
35,33:186
35,34:181
35,36:220
35,37:43
35,38:304
35,39:138
35,40:62
35,41:44
35,42:4
35,43:197
35,44:157
35,45:133
35,46:252
35,47:89
35,50:258
35,51:191
35,52:46
35,54:35
35,55:234
35,56:282
35,57:123
35,58:2
35,59:178
35,60:203
35,61:182
35,62:98
35,63:256
35,64:184
35,65:30
35,66:107
35,67:222
35,68:283
35,69:225
35,70:267
35,71:80
35,72:107
35,73:152
35,74:113
35,75:180
35,76:178
35,77:236
35,78:75
35,79:192
35,80:221
35,81:186
35,82:253
35,83:249
35,84:163
35,85:312
35,86:131
35,87:300
35,88:52
35,89:105
35,90:14
36,5:5
36,6:111
36,7:43
36,8:153
36,9:33
36,13:3
36,14:57
36,15:207
36,16:190
36,18:70
36,19:7
36,20:54
36,21:48
36,22:151
36,23:39
36,24:71
36,25:95
36,26:165
36,27:227
36,29:193
36,30:46
36,31:52
36,32:79
36,33:34
36,34:39
36,35:220
36,37:177
36,38:84
36,39:82
36,40:158
36,41:176
36,42:224
36,43:23
36,44:63
36,45:87
36,46:32
36,47:131
36,48:155
36,49:88
36,51:29
36,52:174
36,53:26
36,54:185
36,55:14
36,56:62
36,57:97
36,58:222
36,59:42
36,60:17
36,61:38
36,62:122
36,63:36
36,64:36
36,65:190
36,66:113
36,67:2
36,68:63
36,69:5
36,70:47
36,71:140
36,72:113
36,73:68
36,74:107
36,75:40
36,76:42
36,77:16
36,78:145
36,79:28
36,80:1
36,81:34
36,82:33
36,83:29
36,84:57
36,85:92
36,86:89
36,87:80
36,88:168
36,89:115
36,90:206
36,91:27
37,5:172
37,6:66
37,7:134
37,8:24
37,9:210
37,13:174
37,14:234
37,15:30
37,16:13
37,17:262
37,19:170
37,20:231
37,21:225
37,22:26
37,23:216
37,24:106
37,25:82
37,26:12
37,27:50
37,28:169
37,30:131
37,31:229
37,32:256
37,33:143
37,34:138
37,35:43
37,36:177
37,38:261
37,39:95
37,40:19
37,41:1
37,42:47
37,43:154
37,44:114
37,45:90
37,46:209
37,47:46
37,48:22
37,49:89
37,50:215
37,52:3
37,53:151
37,54:8
37,55:191
37,56:239
37,57:80
37,58:45
37,59:135
37,60:160
37,61:139
37,62:55
37,63:213
37,64:141
37,65:13
37,66:64
37,67:179
37,68:240
37,69:182
37,70:224
37,71:37
37,72:64
37,73:109
37,74:70
37,75:137
37,76:135
37,77:193
37,78:32
37,79:149
37,80:178
37,81:143
37,82:210
37,83:206
37,84:120
37,85:269
37,86:88
37,87:257
37,88:9
37,89:62
37,90:29
37,91:150
38,5:89
38,6:195
38,7:127
38,8:237
38,9:51
38,13:87
38,14:27
38,15:291
38,16:274
38,17:1
38,18:154
38,20:30
38,21:36
38,22:235
38,23:45
38,24:155
38,25:179
38,26:249
38,27:311
38,28:92
38,29:277
38,31:32
38,32:5
38,33:118
38,34:123
38,35:304
38,36:84
38,37:261
38,39:166
38,40:242
38,41:260
38,42:308
38,43:107
38,44:147
38,45:171
38,46:52
38,47:215
38,48:239
38,49:172
38,50:46
38,51:113
38,53:110
38,54:269
38,55:70
38,56:22
38,57:181
38,58:306
38,59:126
38,60:101
38,61:122
38,62:206
38,63:48
38,64:120
38,65:274
38,66:197
38,67:82
38,68:21
38,69:79
38,70:37
38,71:224
38,72:197
38,73:152
38,74:191
38,75:124
38,76:126
38,77:68
38,78:229
38,79:112
38,80:83
38,81:118
38,82:51
38,83:55
38,84:141
38,85:8
38,86:173
38,87:4
38,88:252
38,89:199
38,90:290
38,91:111
39,7:39
39,8:71
39,9:115
39,13:79
39,15:125
39,16:108
39,17:167
39,18:12
39,19:75
39,20:136
39,21:130
39,23:121
39,24:11
39,25:13
39,26:83
39,27:145
39,28:74
39,29:111
39,30:36
39,32:161
39,33:48
39,34:43
39,35:138
39,36:82
39,37:95
39,38:166
39,40:76
39,41:94
39,42:142
39,43:59
39,44:19
39,45:5
39,46:114
39,47:49
39,48:73
39,49:6
39,50:120
39,51:53
39,52:92
39,53:56
39,54:103
39,55:96
39,56:144
39,57:15
39,58:140
39,59:40
39,60:65
39,61:44
39,62:40
39,63:118
39,64:46
39,65:108
39,66:31
39,67:84
39,68:145
39,69:87
39,70:129
39,71:58
39,72:31
39,73:14
39,74:25
39,75:42
39,76:40
39,77:98
39,78:63
39,79:54
39,80:83
39,81:48
39,82:115
39,83:111
39,84:25
39,85:174
39,86:7
39,87:162
39,88:86
39,89:33
39,90:124
39,91:55
39,92:152
39,93:167
39,94:137
39,95:123
39,96:54
39,97:70
39,98:143
39,99:47
39,100:138
39,101:43
39,102:47
39,103:121
39,104:172
39,105:138
39,106:108
39,107:170
39,108:114
39,109:64
39,110:8
40,7:115
40,8:5
40,9:191
40,13:155
40,15:49
40,16:32
40,17:243
40,18:88
40,19:151
40,20:212
40,21:206
40,23:197
40,24:87
40,25:63
40,26:7
40,27:69
40,28:150
40,29:35
40,30:112
40,32:237
40,33:124
40,34:119
40,35:62
40,36:158
40,37:19
40,38:242
40,41:18
40,42:66
40,43:135
40,44:95
40,45:71
40,46:190
40,47:27
40,48:3
40,49:70
40,50:196
40,51:129
40,52:16
40,53:132
40,54:27
40,55:172
40,56:220
40,57:61
40,58:64
40,59:116
40,60:141
40,61:120
40,62:36
40,63:194
40,64:122
40,65:32
40,66:45
40,67:160
40,68:221
40,69:163
40,70:205
40,71:18
40,72:45
40,73:90
40,74:51
40,75:118
40,76:116
40,77:174
40,78:13
40,79:130
40,80:159
40,81:124
40,82:191
40,83:187
40,84:101
40,85:250
40,86:69
40,87:238
40,88:10
40,89:43
40,90:48
40,91:131
40,92:228
40,93:243
40,94:213
40,95:199
40,96:130
40,97:146
40,98:67
40,99:123
40,100:62
40,101:119
40,102:29
40,103:45
40,104:248
40,105:62
40,106:184
40,107:246
40,108:190
40,109:140
40,110:68
40,111:87
41,5:171
41,6:65
41,7:133
41,8:23
41,13:173
41,15:31
41,16:14
41,17:261
41,18:106
41,19:169
41,20:230
41,21:224
41,22:25
41,24:105
41,25:81
41,26:11
41,27:51
41,28:168
41,29:17
41,30:130
41,31:228
41,33:142
41,34:137
41,35:44
41,36:176
41,37:1
41,38:260
41,39:94
41,40:18
41,42:48
41,43:153
41,44:113
41,45:89
41,46:208
41,47:45
41,48:21
41,49:88
41,50:214
41,51:147
41,52:2
41,53:150
41,54:9
41,55:190
41,56:238
41,57:79
41,58:46
41,59:134
41,60:159
41,61:138
41,62:54
41,63:212
41,64:140
41,65:14
41,66:63
41,67:178
41,68:239
41,69:181
41,70:223
41,71:36
41,72:63
41,74:69
41,76:134
41,80:177
41,81:142
41,82:209
41,86:87
41,87:256
41,90:30
42,5:219
42,6:113
42,7:181
42,8:71
42,9:257
42,13:221
42,15:17
42,16:34
42,17:309
42,18:154
42,19:217
42,20:278
42,21:272
42,22:73
42,23:263
42,24:153
42,26:59
42,27:3
42,28:216
42,29:31
42,30:178
42,31:276
42,32:303
42,33:190
42,35:4
42,36:224
42,37:47
42,38:308
42,39:142
42,40:66
42,41:48
42,43:201
42,44:161
42,45:137
42,46:256
42,47:93
42,48:69
42,49:136
42,50:262
42,51:195
42,52:50
42,53:198
43,5:18
43,6:88
43,7:20
43,8:130
43,9:56
43,13:20
43,14:80
43,15:184
43,17:108
43,18:47
43,19:16
43,20:77
43,21:71
43,22:128
43,23:62
43,24:48
43,25:72
43,26:142
43,28:15
43,29:170
43,30:23
43,31:75
43,32:102
43,33:11
43,34:16
43,36:23
43,37:154
43,38:107
43,39:59
43,40:135
43,41:153
43,42:201
43,44:40
43,45:64
43,46:55
43,47:108
43,48:132
43,49:65
43,50:61
43,51:6
43,52:151
43,54:162
43,55:37
43,56:85
43,57:74
43,58:199
43,59:19
43,60:6
43,61:15
43,62:99
43,63:59
43,64:13
43,65:167
43,66:90
43,67:25
43,68:86
43,69:28
43,70:70
43,71:117
43,72:90
43,73:45
43,74:84
43,75:17
43,76:19
43,77:39
43,78:122
43,79:5
43,80:24
43,81:11
43,82:56
43,83:52
43,84:34
43,85:115
43,86:66
43,87:103
43,88:145
43,89:92
43,90:183
44,5:58
44,6:48
44,7:20
44,8:90
44,9:96
44,13:60
44,14:120
44,15:144
44,16:127
44,18:7
44,19:56
44,20:117
44,21:111
44,22:88
44,23:102
44,24:8
44,25:32
44,26:102
44,27:164
44,29:130
44,30:17
44,31:115
44,32:142
44,33:29
44,34:24
44,35:157
44,37:114
44,38:147
44,39:19
44,40:95
44,41:113
44,42:161
44,43:40
44,45:24
44,46:95
44,47:68
44,48:92
44,49:25
44,50:101
44,51:34
44,52:111
44,53:37
44,54:122
44,55:77
44,56:125
44,57:34
44,58:159
44,59:21
44,60:46
44,61:25
44,62:59
44,63:99
44,64:27
44,65:127
44,66:50
44,67:65
44,68:126
44,69:68
44,70:110
44,71:77
44,72:50
44,73:5
44,74:44
44,75:23
44,76:21
44,77:79
44,78:82
44,79:35
44,80:64
44,81:29
44,82:96
44,83:92
44,84:6
44,85:155
44,86:26
44,87:143
44,88:105
44,89:52
44,90:143
44,91:36
44,92:133
44,93:148
44,94:118
44,95:104
44,96:35
44,97:51
44,98:162
44,99:28
44,100:157
44,101:24
44,102:66
44,103:140
44,104:153
44,105:157
44,106:89
44,107:151
44,108:95
44,109:45
44,110:27
45,5:82
45,6:24
45,7:44
45,8:66
45,9:120
45,13:84
45,14:144
45,15:120
45,16:103
45,17:172
45,19:80
45,20:141
45,21:135
45,22:64
45,23:126
45,24:16
45,25:8
45,26:78
45,27:140
45,28:79
45,30:41
45,31:139
45,32:166
45,33:53
45,34:48
45,35:133
45,36:87
45,38:171
45,39:5
45,40:71
45,41:89
45,42:137
45,43:64
45,44:24
45,46:119
45,47:44
45,48:68
45,49:1
45,50:125
45,51:58
45,52:87
45,53:61
45,54:98
45,55:101
45,56:149
45,57:10
45,58:135
45,59:45
45,60:70
45,61:49
45,62:35
45,63:123
45,64:51
45,65:103
45,66:26
45,67:89
45,68:150
45,69:92
45,70:134
45,71:53
45,72:26
45,73:19
45,74:20
45,75:47
45,76:45
45,77:103
45,78:58
45,79:59
45,80:88
45,81:53
45,82:120
45,83:116
45,84:30
45,85:179
45,86:2
45,87:167
45,88:81
45,89:28
45,90:119
45,91:60
45,92:157
45,93:172
45,94:142
45,95:128
45,96:59
45,97:75
45,98:138
45,99:52
45,100:133
45,101:48
45,102:42
45,103:116
45,104:177
45,105:133
45,106:113
45,107:175
45,108:119
45,109:69
45,110:3
46,5:37
46,6:143
46,7:75
46,8:185
46,9:1
46,13:35
46,14:25
46,15:239
46,16:222
46,17:53
46,18:102
46,20:22
46,21:16
46,22:183
46,23:7
46,24:103
46,25:127
46,26:197
46,27:259
46,28:40
46,29:225
46,31:20
46,32:47
46,33:66
46,34:71
46,35:252
46,36:32
46,37:209
46,39:114
46,40:190
46,41:208
46,42:256
46,43:55
46,44:95
46,45:119
46,47:163
46,48:187
46,49:120
46,50:6
46,51:61
46,52:206
46,53:58
46,54:217
46,55:18
46,56:30
46,57:129
46,58:254
46,59:74
46,60:49
46,61:70
46,62:154
46,63:4
46,64:68
46,65:222
46,66:145
46,67:30
46,68:31
46,69:27
46,70:15
46,71:172
46,72:145
46,73:100
46,74:139
46,75:72
46,76:74
46,77:16
46,78:177
46,79:60
46,80:31
46,81:66
46,82:1
46,83:3
46,84:89
46,85:60
46,86:121
46,87:48
46,88:200
46,89:147
46,90:238
46,91:59
46,92:38
46,93:53
46,94:23
46,95:9
46,96:60
46,97:44
46,98:257
46,99:67
46,100:252
46,101:71
46,102:161
46,103:235
46,104:58
46,105:252
46,106:6
46,107:56
46,109:50
46,110:122
47,5:126
47,6:20
47,7:88
47,8:22
47,9:164
47,13:128
47,15:76
47,16:59
47,17:216
47,18:61
47,19:124
47,20:185
47,21:179
47,22:20
47,23:170
47,24:60
47,26:34
47,27:96
47,28:123
47,29:62
47,30:85
47,31:183
47,32:210
47,33:97
47,35:89
47,36:131
47,37:46
47,38:215
47,39:49
47,40:27
47,41:45
47,43:108
47,44:68
47,45:44
47,46:163
47,48:24
47,49:43
47,50:169
47,51:102
47,52:43
47,53:105
47,54:54
47,55:145
47,56:193
47,57:34
47,58:91
47,59:89
47,60:114
48,5:150
48,6:44
48,7:112
48,8:2
48,9:188
48,13:152
48,14:212
48,15:52
48,17:240
48,18:85
48,19:148
48,20:209
48,21:203
48,22:4
48,23:194
48,24:84
48,25:60
48,26:10
48,28:147
48,29:38
48,30:109
48,31:207
48,32:234
48,33:121
48,34:116
48,36:155
48,37:22
48,38:239
48,39:73
48,40:3
48,41:21
48,42:69
48,44:92
48,45:68
48,46:187
48,47:24
48,49:67
48,50:193
48,51:126
48,52:19
48,53:129
48,54:30
48,55:169
48,56:217
48,57:58
48,58:67
48,59:113
48,60:138
48,61:117
48,62:33
48,63:191
48,64:119
48,65:35
48,66:42
48,67:157
48,68:218
48,69:160
48,70:202
48,71:15
48,72:42
48,73:87
48,74:48
48,75:115
48,76:113
48,77:171
48,78:10
48,79:127
48,80:156
48,81:121
48,82:188
48,83:184
48,84:98
48,85:247
48,86:66
48,87:235
48,88:13
48,89:40
48,90:51
48,91:128
48,92:225
48,93:240
48,94:210
48,95:196
48,96:127
48,97:143
48,98:70
48,99:120
48,100:65
48,101:116
48,102:26
48,103:48
48,104:245
48,105:65
48,106:181
48,107:243
48,108:187
48,109:137
48,110:65
49,5:83
49,6:23
49,7:45
49,8:65
49,9:121
49,13:85
49,14:145
49,15:119
49,17:173
49,18:18
49,19:81
49,20:142
49,21:136
49,22:63
49,23:127
49,24:17
49,25:7
49,26:77
49,28:80
49,29:105
49,30:42
49,31:140
49,32:167
49,33:54
49,34:49
49,36:88
49,37:89
49,38:172
49,39:6
49,40:70
49,41:88
49,42:136
49,44:25
49,45:1
49,46:120
49,47:43
49,48:67
49,50:126
49,51:59
49,52:86
49,53:62
49,54:97
49,55:102
49,56:150
49,57:9
49,58:134
49,59:46
49,60:71
49,61:50
49,62:34
49,63:124
49,64:52
49,65:102
49,66:25
49,67:90
49,68:151
49,69:93
49,70:135
49,71:52
49,72:25
49,73:20
49,74:19
49,75:48
49,76:46
49,77:104
49,78:57
49,79:60
49,80:89
49,81:54
49,82:121
49,83:117
49,84:31
49,85:180
49,86:1
49,87:168
49,88:80
49,89:27
49,90:118
49,91:61
50,5:43
50,6:149
50,7:81
50,8:191
50,9:5
50,13:41
50,14:19
50,15:245
50,16:228
50,18:108
50,19:45
50,20:16
50,21:10
50,22:189
50,23:1
50,24:109
50,25:133
50,26:203
50,27:265
50,29:231
50,30:84
50,31:14
50,32:41
50,33:72
50,34:77
50,35:258
50,37:215
50,38:46
50,39:120
50,40:196
50,41:214
50,42:262
50,43:61
50,45:125
50,46:6
50,47:169
50,48:193
50,49:126
50,51:67
50,52:212
50,53:64
50,54:223
50,55:24
50,56:24
50,57:135
50,58:260
50,59:80
50,60:55
50,61:76
50,62:160
50,63:2
50,64:74
50,65:228
50,66:151
50,67:36
50,68:25
50,69:33
50,70:9
50,71:178
50,72:151
50,73:106
50,74:145
50,75:78
50,76:80
50,77:22
50,78:183
50,79:66
50,80:37
50,81:72
50,82:5
50,83:9
50,84:95
50,85:54
50,86:127
50,87:42
50,88:206
50,89:153
50,90:244
50,91:65
50,92:32
50,93:47
50,94:17
50,95:3
50,96:66
50,97:50
50,98:263
50,99:73
50,100:258
50,101:77
50,102:167
50,103:241
50,104:52
50,105:258
50,106:12
50,107:50
50,108:6
50,109:56
50,110:128
50,111:109
51,5:24
51,6:82
51,7:14
51,8:124
51,9:62
51,13:26
51,14:86
51,15:178
51,16:161
51,17:114
51,19:22
51,20:83
51,21:77
51,22:122
51,23:68
51,24:42
51,25:66
51,26:136
51,27:198
51,28:21
51,30:17
51,31:81
51,32:108
51,33:5
51,34:10
51,35:191
51,36:29
51,38:113
51,39:53
51,40:129
51,41:147
51,42:195
51,43:6
51,44:34
51,46:61
51,47:102
51,48:126
51,49:59
51,50:67
51,52:145
51,53:3
51,54:156
51,55:43
51,56:91
51,57:68
51,58:193
51,59:13
51,60:12
51,61:9
51,62:93
51,63:65
51,64:7
51,65:161
51,66:84
51,67:31
51,68:92
51,69:34
51,70:76
51,71:111
51,72:84
51,73:39
51,74:78
51,75:11
51,76:13
51,77:45
51,78:116
51,79:1
51,80:30
51,81:5
51,82:62
51,83:58
51,84:28
51,85:121
51,86:60
51,87:109
51,88:139
51,89:86
51,90:177
51,91:2
51,92:99
51,93:114
51,94:84
51,95:70
51,96:1
51,97:17
51,98:196
51,99:6
51,100:191
51,101:10
51,102:100
51,103:174
51,104:119
51,105:191
51,106:55
51,107:117
51,108:61
51,109:11
51,110:61
51,111:42
52,5:169
52,6:63
52,7:131
52,8:21
52,9:207
52,13:171
52,14:231
52,15:33
52,16:16
52,17:259
52,18:104
52,20:228
52,21:222
52,22:23
52,23:213
52,24:103
52,25:79
52,26:9
52,27:53
52,28:166
52,29:19
52,31:226
52,32:253
52,33:140
52,34:135
52,35:46
52,36:174
52,37:3
52,39:92
52,40:16
52,41:2
52,42:50
52,43:151
52,44:111
52,45:87
52,47:43
52,48:19
52,49:86
52,50:212
52,51:145
52,53:148
52,54:11
52,55:188
52,56:236
52,57:77
52,58:48
52,59:132
52,60:157
52,61:136
52,62:52
52,63:210
52,64:138
52,65:16
