<number of tasks>
111

<cycle time>
10743

<task times>
1 1960
2 1715
3 735
4 1715
5 490
6 1225
7 169
8 2252
9 1225
10 2319
11 1715
12 980
13 735
14 2281
15 2750
16 77
17 89
18 51
19 364
20 405
21 3060
22 125
23 3429
24 43
25 3430
26 1960
27 29
28 27
29 15
30 121
31 1715
32 2127
33 1470
34 4037
35 68
36 62
37 42
38 364
39 4998
40 1470
41 2963
42 5689
43 68
44 18
45 10
46 81
47 5200
48 39
49 67
50 27
51 15
52 121
53 58
54 1715
55 125
56 4010
57 1470
58 1470
59 2303
60 1960
61 2205
62 4018
63 2744
64 2999
65 735
66 735
67 735
68 735
69 545
70 3386
71 3234
72 2205
73 2206
74 490
75 825
76 3528
77 3568
78 1200
79 618
80 1470
81 1715
82 735
83 1960
84 2889
85 618
86 490
87 735
88 490
89 921
90 326
91 5390
92 243
93 371
94 58
95 5059
96 1225
97 769
98 768
99 1670
100 1670
101 490
102 202
103 203
104 202
105 2744
106 162
107 324
108 162
109 121
110 162
111 91

<precedence relations>
1,2
2,3
3,4
4,5
4,6
4,7
4,8
4,9
4,10
5,39
6,39
7,83
8,71
9,32
10,11
10,12
11,13
11,14
11,15
11,16
11,17
11,18
11,19
11,20
11,21
12,13
12,14
12,15
12,16
12,17
12,18
12,19
12,20
12,21
13,71
14,22
14,23
14,24
14,25
15,26
16,27
17,28
18,29
19,30
20,91
21,111
22,31
22,83
23,32
23,33
24,69
24,70
25,34
26,82
27,35
28,36
29,37
30,38
31,39
32,41
33,111
34,42
35,43
36,44
36,91
37,45
37,91
38,46
38,91
39,40
40,111
41,69
41,70
42,47
43,48
43,49
44,50
45,51
46,52
47,54
47,55
47,56
47,57
47,58
47,59
47,60
48,53
49,91
50,111
51,111
52,111
53,111
54,69
54,70
55,61
55,62
55,63
56,63
56,64
57,65
57,91
58,66
58,91
59,67
59,91
60,68
60,91
61,69
61,70
62,71
63,111
64,72
65,111
66,111
67,111
68,111
69,77
69,78
70,73
71,91
72,74
73,75
74,76
75,77
75,78
75,79
76,80
76,81
76,82
77,83
78,84
79,85
80,86
80,91
81,87
81,91
82,111
83,91
84,88
84,89
84,91
85,111
86,111
87,90
88,105
89,105
90,111
91,92
91,93
91,94
92,95
93,95
94,95
95,96
95,97
95,98
95,99
95,100
95,104
96,101
97,102
98,103
99,111
100,111
101,105
102,106
102,107
103,107
103,108
104,111
105,111
106,109
107,111
108,110
109,111
110,111

<setup times forward>
1,2:412
2,3:571
3,4:301
4,5:45
4,6:374
4,7:161
4,8:503
4,9:74
4,10:295
5,6:329
5,7:116
5,8:458
5,9:119
5,10:250
5,11:560
5,12:156
5,13:8
5,14:193
5,15:627
5,16:574
5,17:280
5,18:201
5,19:6
5,20:185
5,21:165
5,22:453
5,23:138
5,24:205
5,25:280
5,26:496
5,27:689
5,28:10
5,29:582
5,30:126
5,31:179
5,32:262
5,33:88
5,34:104
5,35:667
5,36:18
5,37:532
5,38:277
5,39:239
5,41:532
5,42:678
5,43:56
5,44:179
5,45:254
5,46:115
5,47:389
5,48:465
5,49:256
5,50:135
5,51:72
5,52:525
5,53:64
5,54:558
5,55:60
5,56:208
5,57:284
5,58:672
5,59:113
5,60:35
5,61:103
5,62:362
5,63:127
5,64:95
5,65:575
5,66:334
5,67:24
5,68:214
5,69:32
5,70:163
5,71:419
5,72:333
5,73:194
5,74:317
5,75:108
5,76:114
5,77:66
5,78:433
5,79:69
5,80:21
5,81:88
5,82:119
5,83:105
5,84:160
5,85:304
5,86:260
5,87:265
5,88:506
5,89:340
5,90:624
5,91:66
5,92:235
5,93:281
5,94:187
5,95:145
5,96:72
5,97:21
5,98:682
5,99:93
5,100:666
5,101:105
5,102:383
5,103:615
5,104:296
5,105:667
5,106:96
5,107:289
5,108:117
5,109:40
5,110:262
6,5:329
6,7:213
6,8:129
6,9:448
6,10:79
6,11:231
6,12:173
6,13:337
6,14:522
6,15:298
6,16:245
6,17:609
6,18:128
6,19:323
6,20:514
6,21:494
6,22:124
6,23:467
6,24:124
6,25:49
6,26:167
6,27:360
6,28:319
6,29:253
6,30:203
6,31:508
6,32:591
6,33:241
6,34:225
6,35:338
6,36:347
6,37:203
6,38:606
6,39:90
6,41:203
6,42:349
6,43:273
6,44:150
6,45:75
6,46:444
6,47:60
6,48:136
6,49:73
6,50:464
6,51:257
6,52:196
6,53:265
6,54:229
6,55:389
6,56:537
6,57:45
6,58:343
6,59:216
6,60:294
6,61:226
6,62:33
6,63:456
6,64:234
6,65:246
6,66:5
6,67:353
6,68:543
6,69:361
6,70:492
6,71:90
6,72:4
6,73:135
6,74:12
6,75:221
6,76:215
6,77:395
6,78:104
6,79:260
6,80:350
6,81:241
6,82:448
6,83:434
6,84:169
6,85:633
6,86:69
6,87:594
6,88:177
6,89:11
6,90:295
6,91:263
6,92:564
6,93:610
6,94:516
6,95:474
6,96:257
6,97:308
6,98:353
6,99:236
6,100:337
6,101:224
6,102:54
6,103:286
6,104:625
6,105:338
6,106:425
6,107:618
6,108:446
6,109:289
6,110:67
7,5:116
7,6:213
7,8:342
7,9:235
7,10:134
7,11:444
7,12:40
7,13:124
7,14:309
7,15:511
7,16:458
7,17:396
7,18:85
7,19:110
7,20:301
7,21:281
7,22:337
7,23:254
7,24:89
7,25:164
7,26:380
7,27:573
7,28:106
7,29:466
7,30:10
7,31:295
7,32:378
7,33:28
7,34:12
7,35:551
7,36:134
7,37:416
7,38:393
7,39:123
7,40:360
7,41:416
7,42:562
7,43:60
7,44:63
7,45:138
7,46:231
7,47:273
7,48:349
7,49:140
7,50:251
7,51:44
7,52:409
7,53:52
7,54:442
7,55:176
7,56:324
7,57:168
7,58:556
7,59:3
7,60:81
7,61:13
7,62:246
7,63:243
7,64:21
7,65:459
7,66:218
7,67:140
7,68:330
7,69:148
7,70:279
7,71:303
7,72:217
7,73:78
7,74:201
7,75:8
7,76:2
7,77:182
7,78:317
7,79:47
7,80:137
7,81:28
7,82:235
7,83:221
7,84:44
7,85:420
7,86:144
7,87:381
7,88:390
7,89:224
7,90:508
8,5:458
8,6:129
8,7:342
8,9:577
8,10:208
8,11:102
8,12:302
8,13:466
8,14:651
8,15:169
8,16:116
8,17:738
8,18:257
8,19:452
8,20:643
8,21:623
8,22:5
8,23:596
8,24:253
8,25:178
8,26:38
8,27:231
8,28:448
8,29:124
8,30:332
8,31:637
8,32:720
8,33:370
8,34:354
8,35:209
8,36:476
8,37:74
8,38:735
8,39:219
8,40:18
8,41:74
8,42:220
8,43:402
8,44:279
8,45:204
8,46:573
8,47:69
8,48:7
8,49:202
8,50:593
8,51:386
8,52:67
8,53:394
8,54:100
8,55:518
8,56:666
8,57:174
8,58:214
8,59:345
8,60:423
8,61:355
8,62:96
8,63:585
8,64:363
8,65:117
8,66:124
8,67:482
8,68:672
8,69:490
8,70:621
8,71:39
8,72:125
8,73:264
8,74:141
8,75:350
8,76:344
8,77:524
8,78:25
8,79:389
8,80:479
8,81:370
8,82:577
8,83:563
8,84:298
8,85:762
8,86:198
8,87:723
8,88:48
8,89:118
8,90:166
9,5:119
9,6:448
9,7:235
9,8:577
9,10:369
9,11:679
9,12:275
9,13:111
9,14:74
9,15:746
9,16:693
9,17:161
9,18:320
9,19:125
9,20:66
9,21:46
9,22:572
9,23:19
9,24:324
9,25:399
9,26:615
9,27:808
9,28:129
9,29:701
9,30:245
9,31:60
9,32:143
9,33:207
9,34:223
9,35:786
9,36:101
9,37:651
9,38:158
9,39:358
9,40:595
9,42:797
9,43:175
9,44:298
9,45:373
9,46:4
9,47:508
9,48:584
9,49:375
9,50:16
9,51:191
9,52:644
9,53:183
9,54:677
9,55:59
9,56:89
9,57:403
9,58:791
9,59:232
9,60:154
9,61:222
9,62:481
9,63:8
9,64:214
9,65:694
9,66:453
9,67:95
9,68:95
9,71:538
9,72:452
9,74:436
9,76:233
9,80:98
9,81:207
9,86:379
9,87:146
9,90:743
10,5:250
10,6:79
10,7:134
10,8:208
10,9:369
10,11:310
10,12:94
11,5:560
11,6:231
11,7:444
11,8:102
11,9:679
11,12:404
11,13:568
11,14:753
11,15:67
11,16:14
11,17:840
11,18:359
11,19:554
11,20:745
11,21:725
12,5:156
12,6:173
12,7:40
12,8:302
12,9:275
12,11:404
12,13:164
12,14:349
12,15:471
12,16:418
12,17:436
12,18:45
12,19:150
12,20:341
12,21:321
13,5:8
13,6:337
13,7:124
13,8:466
13,9:111
13,14:185
13,15:635
13,16:582
13,17:272
13,18:209
13,19:14
13,20:177
13,21:157
13,22:461
13,23:130
13,24:213
13,25:288
13,26:504
13,27:697
13,28:18
13,29:590
13,30:134
13,31:171
13,32:254
13,33:96
13,34:112
13,35:675
13,36:10
13,37:540
13,38:269
13,39:247
13,40:484
13,41:540
13,42:686
13,43:64
13,44:187
13,45:262
13,46:107
13,47:397
13,48:473
13,49:264
13,50:127
13,51:80
13,52:533
13,53:72
13,54:566
13,55:52
13,56:200
13,57:292
13,58:680
13,59:121
13,60:43
13,61:111
13,62:370
13,63:119
13,64:103
13,65:583
13,66:342
13,67:16
13,68:206
13,69:24
13,70:155
13,71:427
13,72:341
13,73:202
13,74:325
13,75:116
13,76:122
13,77:58
13,78:441
13,79:77
13,80:13
13,81:96
13,82:111
13,83:97
13,84:168
13,85:296
13,86:268
13,87:257
13,88:514
13,89:348
13,90:632
14,5:193
14,6:522
14,7:309
14,8:651
14,9:74
14,13:185
14,15:820
14,16:767
14,17:87
14,18:394
14,19:199
14,20:8
14,21:28
14,22:646
14,23:55
14,24:398
14,25:473
14,26:689
14,27:882
14,28:203
14,29:775
14,30:319
14,35:860
14,36:175
14,37:725
14,38:84
14,43:249
14,44:372
14,45:447
14,46:78
14,48:658
14,49:449
14,50:58
14,51:265
14,52:718
14,53:257
15,5:627
15,6:298
15,7:511
15,8:169
15,9:746
15,13:635
15,14:820
15,16:53
15,17:907
15,18:426
15,19:621
15,20:812
15,21:792
15,22:174
15,23:765
15,24:422
15,25:347
15,26:131
15,27:62
15,28:617
15,29:45
15,30:501
15,31:806
15,32:889
15,33:539
15,34:523
15,35:40
15,36:645
15,37:95
15,38:904
15,39:388
15,40:151
15,41:95
15,42:51
15,43:571
15,44:448
15,45:373
15,46:742
15,47:238
15,48:162
15,49:371
15,50:762
15,51:555
15,52:102
15,53:563
15,54:69
15,55:687
15,56:835
15,57:343
15,58:45
15,59:514
15,60:592
15,61:524
15,62:265
15,63:754
15,64:532
15,65:52
15,66:293
15,67:651
15,68:841
15,69:659
15,70:790
15,71:208
15,72:294
15,73:433
15,74:310
15,75:519
15,76:513
15,77:693
15,78:194
15,79:558
15,80:648
15,81:539
15,83:732
15,84:467
15,85:931
15,86:367
15,87:892
15,88:121
15,89:287
15,90:3
15,91:561
15,92:862
15,93:908
15,94:814
15,95:772
15,96:555
15,97:606
15,98:55
15,99:534
15,100:39
15,101:522
15,102:244
15,103:12
15,104:923
15,105:40
15,106:723
15,107:916
15,108:744
15,109:587
15,110:365
16,5:574
16,6:245
16,7:458
16,8:116
16,9:693
16,13:582
16,14:767
16,15:53
16,17:854
16,18:373
16,19:568
16,20:759
16,21:739
16,22:121
16,23:712
16,24:369
16,25:294
16,26:78
16,27:115
16,28:564
16,29:8
16,30:448
16,31:753
16,32:836
16,33:486
16,34:470
16,36:592
16,37:42
16,38:851
16,39:335
16,40:98
16,41:42
16,42:104
16,44:395
16,45:320
16,46:689
16,47:185
16,50:709
16,51:502
16,52:49
16,54:16
16,55:634
16,56:782
16,57:290
16,58:98
16,59:461
16,60:539
16,61:471
16,62:212
16,63:701
16,64:479
16,65:1
16,66:240
16,67:598
16,68:788
16,69:606
16,70:737
16,71:155
16,72:241
16,73:380
16,74:257
16,75:466
16,76:460
16,77:640
16,78:141
16,79:505
16,80:595
16,81:486
16,82:693
16,83:679
16,84:414
16,85:878
16,86:314
16,87:839
16,88:68
16,89:234
16,90:50
17,5:280
17,6:609
17,7:396
17,8:738
17,9:161
17,13:272
17,14:87
17,15:907
17,16:854
17,18:481
17,19:286
17,20:95
17,21:115
17,22:733
17,23:142
17,24:485
17,25:560
17,26:776
17,27:969
17,28:290
17,29:862
17,30:406
17,31:101
17,32:18
17,33:368
17,34:384
17,35:947
17,37:812
17,38:3
17,39:519
17,40:756
17,41:812
17,42:958
17,43:336
17,45:534
17,46:165
17,47:669
17,48:745
17,49:536
17,51:352
17,52:805
17,53:344
17,54:838
17,55:220
17,56:72
17,57:564
17,58:952
17,59:393
17,60:315
17,61:383
17,62:642
17,63:153
17,64:375
17,65:855
17,66:614
17,67:256
17,68:66
17,69:248
17,70:117
17,71:699
17,72:613
17,73:474
17,74:597
17,75:388
17,76:394
17,77:214
17,78:713
17,79:349
17,80:259
17,81:368
17,82:161
17,83:175
17,84:440
17,85:24
17,86:540
17,87:15
17,88:786
17,89:620
17,90:904
18,5:201
18,6:128
18,7:85
18,8:257
18,9:320
18,13:209
18,14:394
18,15:426
18,16:373
18,17:481
18,19:195
18,20:386
18,21:366
18,22:252
18,23:339
18,24:4
18,25:79
18,26:295
18,27:488
18,28:191
18,29:381
18,30:75
18,31:380
18,32:463
18,33:113
18,34:97
18,35:466
18,36:219
18,38:478
18,39:38
18,40:275
18,41:331
18,42:477
18,43:145
18,44:22
18,46:316
18,47:188
18,48:264
18,49:55
18,50:336
18,52:324
18,53:137
18,54:357
18,55:261
18,56:409
18,57:83
18,58:471
18,59:88
18,60:166
18,61:98
18,62:161
18,63:328
18,64:106
18,65:374
18,66:133
18,67:225
18,68:415
18,69:233
18,70:364
18,71:218
18,72:132
18,73:7
18,74:116
18,75:93
18,76:87
18,77:267
18,78:232
18,79:132
18,80:222
18,81:113
18,82:320
18,83:306
18,84:41
18,85:505
18,86:59
18,87:466
18,88:305
18,89:139
18,90:423
19,5:6
19,6:323
19,7:110
19,8:452
19,9:125
19,13:14
19,14:199
19,15:621
19,16:568
19,17:286
19,18:195
19,20:191
19,21:171
19,22:447
19,23:144
19,24:199
19,25:274
19,26:490
19,27:683
19,28:4
19,29:576
19,30:120
19,31:185
19,32:268
19,33:82
19,34:98
19,35:661
19,36:24
19,37:526
19,39:233
19,40:470
19,41:526
19,42:672
19,43:50
19,44:173
19,45:248
19,47:383
19,48:459
19,49:250
19,50:141
19,51:66
19,53:58
19,54:552
19,55:66
19,56:214
19,57:278
19,58:666
19,59:107
19,60:29
19,61:97
19,62:356
19,63:133
19,64:89
19,65:569
19,66:328
19,67:30
19,68:220
19,69:38
19,70:169
19,71:413
19,72:327
19,73:188
19,74:311
19,75:102
19,76:108
19,77:72
19,78:427
19,79:63
19,80:27
19,81:82
19,82:125
19,83:111
19,84:154
19,85:310
19,86:254
19,87:271
19,88:500
19,89:334
19,90:618
20,5:185
20,6:514
20,7:301
20,8:643
20,9:66
20,13:177
20,14:8
20,15:812
20,16:759
20,17:95
20,18:386
20,19:191
20,21:20
20,22:638
20,23:47
20,24:390
20,25:465
20,26:681
20,27:874
20,28:195
20,29:767
20,30:311
20,31:6
20,32:77
20,33:273
20,34:289
20,35:852
20,36:167
20,37:717
20,38:92
20,39:424
20,40:661
20,41:717
20,42:863
20,43:241
20,44:364
20,45:439
20,46:70
20,47:574
20,48:650
20,49:441
20,50:50
20,51:257
20,52:710
20,53:249
20,54:743
20,55:125
20,56:23
20,57:469
20,58:857
20,59:298
20,60:220
20,61:288
20,62:547
20,63:58
20,64:280
20,65:760
20,66:519
20,67:161
20,68:29
20,69:153
20,70:22
20,71:604
20,72:518
20,73:379
20,74:502
20,75:293
20,76:299
20,77:119
20,78:618
20,79:254
20,80:164
20,81:273
20,82:66
20,83:80
20,84:345
20,85:119
20,86:445
20,87:80
20,88:691
20,89:525
20,90:809
20,91:251
21,5:165
21,6:494
21,7:281
21,8:623
21,9:46
21,13:157
21,14:28
21,15:792
21,16:739
21,17:115
21,18:366
21,19:171
21,20:20
21,22:618
21,23:27
21,24:370
21,25:445
21,26:661
21,27:854
21,28:175
21,29:747
21,30:291
21,31:14
21,32:97
21,33:253
21,34:269
21,35:832
21,36:147
21,37:697
21,38:112
21,39:404
21,40:641
21,41:697
21,42:843
21,43:221
21,44:344
21,45:419
21,46:50
21,47:554
21,48:630
21,49:421
21,50:30
21,51:237
21,52:690
21,53:229
21,54:723
21,55:105
21,56:43
21,57:449
21,58:837
21,59:278
21,60:200
21,61:268
21,62:527
21,63:38
21,64:260
21,65:740
21,66:499
21,67:141
21,68:49
21,69:133
21,70:2
21,71:584
21,72:498
21,73:359
21,74:482
21,75:273
21,76:279
21,77:99
21,78:598
21,79:234
21,80:144
21,81:253
21,82:46
21,83:60
21,84:325
21,85:139
21,86:425
21,87:100
21,88:671
21,89:505
21,90:789
21,91:231
21,92:70
21,93:116
21,94:22
21,95:20
21,96:237
21,97:186
21,98:847
21,99:258
21,100:831
21,101:270
21,102:548
21,103:780
21,104:131
21,105:832
21,106:69
21,107:124
21,108:48
21,109:205
21,110:427
21,111:368
22,5:453
22,6:124
22,7:337
22,8:5
22,9:572
22,13:461
22,15:174
22,16:121
22,17:733
22,18:252
22,19:447
22,20:638
22,21:618
22,23:591
22,24:248
22,25:173
22,26:43
22,27:236
22,28:443
22,29:129
22,30:327
22,31:632
22,32:715
22,33:365
22,34:349
22,35:214
22,36:471
22,37:79
22,38:730
22,41:79
22,42:225
22,43:397
22,44:274
22,45:199
22,46:568
22,47:64
22,48:12
22,49:197
22,50:588
22,51:381
22,52:72
22,53:389
22,54:105
22,55:513
22,56:661
22,57:169
22,58:219
22,59:340
22,60:418
22,61:350
22,62:91
22,63:580
22,64:358
22,65:122
22,66:119
22,67:477
22,68:667
22,69:485
22,70:616
22,71:34
22,72:120
22,73:259
22,74:136
22,75:345
22,76:339
22,77:519
22,78:20
22,79:384
22,80:474
22,81:365
22,82:572
22,83:558
22,84:293
22,85:757
22,86:193
22,87:718
22,88:53
22,89:113
22,90:171
23,5:138
23,6:467
23,7:254
23,8:596
23,9:19
23,13:130
23,15:765
23,16:712
23,17:142
23,18:339
23,19:144
23,20:47
23,21:27
23,22:591
23,24:343
23,25:418
23,26:634
23,27:827
23,28:148
23,29:720
23,30:264
23,31:41
23,32:124
23,33:226
23,34:242
23,35:805
23,36:120
23,37:670
23,38:139
23,39:377
23,40:614
23,42:816
23,43:194
23,44:317
23,45:392
23,46:23
23,47:527
23,48:603
23,49:394
23,50:3
23,51:210
23,52:663
23,53:202
23,54:696
23,55:78
23,56:70
23,57:422
23,58:810
23,59:251
23,60:173
23,61:241
23,62:500
23,63:11
23,64:233
23,65:713
23,66:472
23,67:114
23,68:76
23,71:557
23,72:471
23,74:455
23,76:252
23,80:117
23,81:226
23,82:19
23,86:398
23,87:127
23,90:762
24,5:205
24,6:124
24,7:89
24,8:253
24,9:324
24,13:213
24,15:422
24,16:369
24,17:485
24,18:4
24,19:199
24,20:390
24,21:370
24,22:248
24,23:343
24,25:75
24,26:291
24,27:484
24,28:195
24,29:377
24,30:79
24,31:384
24,32:467
24,33:117
24,34:101
24,35:462
24,36:223
24,37:327
24,38:482
24,39:34
24,40:271
24,41:327
24,42:473
24,43:149
24,44:26
24,45:49
24,46:320
24,47:184
24,48:260
24,49:51
24,50:340
24,51:133
24,52:320
24,53:141
24,54:353
24,55:265
24,56:413
24,57:79
24,58:467
24,59:92
24,60:170
24,61:102
24,62:157
24,63:332
24,64:110
24,65:370
24,66:129
24,67:229
24,68:419
24,69:237
24,70:368
24,71:214
24,72:128
24,74:112
24,76:91
24,80:226
24,81:117
24,82:324
24,86:55
24,87:470
24,90:419
25,5:280
25,6:49
25,7:164
25,8:178
25,9:399
25,13:288
25,15:347
25,16:294
25,17:560
25,18:79
25,19:274
25,20:465
25,21:445
25,22:173
25,23:418
25,24:75
25,26:216
25,27:409
25,28:270
25,29:302
25,30:154
25,31:459
25,32:542
25,33:192
25,34:176
25,35:387
25,36:298
25,37:252
25,38:557
25,39:41
25,40:196
25,41:252
25,43:224
25,44:101
25,45:26
25,46:395
25,48:185
25,49:24
25,50:415
25,51:208
25,52:245
25,53:216
26,5:496
26,6:167
26,7:380
26,8:38
26,9:615
26,13:504
26,14:689
26,16:78
26,17:776
26,18:295
26,19:490
26,20:681
26,21:661
26,22:43
26,23:634
26,24:291
26,25:216
26,27:193
26,28:486
26,29:86
26,30:370
26,31:675
26,32:758
26,33:408
26,34:392
26,35:171
26,36:514
26,37:36
26,38:773
26,39:257
26,40:20
26,41:36
26,42:182
26,43:440
26,44:317
26,45:242
26,46:611
26,47:107
26,48:31
26,49:240
26,50:631
26,51:424
26,52:29
26,53:432
26,54:62
26,55:556
26,56:704
26,57:212
26,58:176
26,59:383
26,60:461
26,61:393
26,62:134
26,63:623
26,64:401
26,65:79
26,66:162
26,67:520
26,68:710
26,69:528
26,70:659
26,71:77
26,72:163
26,73:302
26,74:179
26,75:388
26,76:382
26,77:562
26,78:63
26,79:427
26,80:517
26,81:408
26,82:615
26,83:601
26,84:336
26,85:800
26,86:236
26,87:761
26,88:10
26,89:156
26,90:128
26,91:430
26,92:731
26,93:777
26,94:683
26,95:641
26,96:424
26,97:475
26,98:186
26,99:403
26,100:170
26,101:391
26,102:113
26,103:119
26,104:792
26,105:171
26,106:592
26,107:785
26,108:613
26,109:456
26,110:234
27,5:689
27,6:360
27,7:573
27,8:231
27,9:808
27,13:697
27,14:882
27,15:62
27,17:969
27,18:488
27,19:683
27,20:874
27,21:854
27,22:236
27,23:827
27,24:484
27,25:409
27,26:193
27,28:679
27,29:107
27,30:563
27,31:868
27,32:951
27,33:601
27,34:585
27,35:22
27,36:707
27,37:157
27,38:966
27,39:450
27,40:213
27,41:157
27,42:11
27,44:510
27,45:435
27,46:804
27,47:300
27,50:824
27,51:617
27,52:164
27,54:131
27,55:749
27,56:897
27,57:405
27,58:17
27,59:576
27,60:654
27,61:586
27,62:327
27,63:816
27,64:594
27,65:114
27,66:355
27,67:713
27,68:903
27,69:721
27,70:852
27,71:270
27,72:356
27,73:495
27,74:372
27,75:581
27,76:575
27,77:755
27,78:256
27,79:620
27,80:710
27,81:601
27,82:808
27,83:794
27,84:529
27,85:993
27,86:429
27,87:954
27,88:183
27,89:349
27,90:65
28,5:10
28,6:319
28,7:106
28,8:448
28,9:129
28,13:18
28,14:203
28,15:617
28,16:564
28,18:191
28,19:4
28,20:195
28,21:175
28,22:443
28,23:148
28,24:195
28,25:270
28,26:486
28,27:679
28,29:572
28,30:116
28,31:189
28,32:272
28,33:78
28,34:94
28,35:657
28,36:28
28,37:522
28,38:287
28,39:229
28,40:466
28,41:522
28,42:668
28,43:46
28,45:244
28,46:125
28,47:379
28,48:455
28,49:246
28,51:62
28,52:515
28,53:54
28,54:548
28,55:70
28,56:218
28,57:274
28,58:662
28,59:103
28,60:25
28,61:93
28,62:352
28,63:137
28,64:85
28,65:565
28,66:324
28,67:34
28,68:224
28,69:42
28,70:173
28,71:409
28,72:323
28,73:184
28,74:307
28,75:98
28,76:104
28,77:76
28,78:423
28,79:59
28,80:31
28,81:78
28,82:129
28,83:115
28,84:150
28,85:314
28,86:250
28,87:275
28,88:496
28,89:330
28,90:614
29,5:582
29,6:253
29,7:466
29,8:124
29,9:701
29,13:590
29,14:775
29,15:45
29,16:8
29,17:862
29,19:576
29,20:767
29,21:747
29,22:129
29,23:720
29,24:377
29,25:302
29,26:86
29,27:107
29,28:572
29,30:456
29,31:761
29,32:844
29,33:494
29,34:478
29,35:85
29,36:600
29,37:50
29,38:859
29,39:343
29,40:106
29,41:50
29,42:96
29,43:526
29,44:403
29,46:697
29,47:193
29,48:117
29,49:326
29,50:717
29,52:57
29,53:518
29,54:24
29,55:642
29,56:790
29,57:298
29,58:90
29,59:469
29,60:547
29,61:479
29,62:220
29,63:709
29,64:487
29,65:7
29,66:248
29,67:606
29,68:796
29,69:614
29,70:745
29,71:163
29,72:249
29,73:388
29,74:265
29,75:474
29,76:468
29,77:648
29,78:149
29,79:513
29,80:603
29,81:494
29,82:701
29,83:687
29,84:422
29,85:886
29,86:322
29,87:847
29,88:76
29,89:242
29,90:42
30,5:126
30,6:203
30,7:10
30,8:332
30,9:245
30,13:134
30,14:319
30,15:501
30,16:448
30,17:406
30,18:75
30,20:311
30,21:291
30,22:327
30,23:264
30,24:79
30,25:154
30,26:370
30,27:563
30,28:116
30,29:456
30,31:305
30,32:388
30,33:38
30,34:22
30,35:541
30,36:144
30,37:406
30,38:403
30,39:113
30,40:350
30,41:406
30,42:552
30,43:70
30,44:53
30,45:128
30,47:263
30,48:339
30,49:130
30,50:261
30,51:54
30,53:62
30,54:432
30,55:186
30,56:334
30,57:158
30,58:546
30,59:13
30,60:91
30,61:23
30,62:236
30,63:253
30,64:31
30,65:449
30,66:208
30,67:150
30,68:340
30,69:158
30,70:289
30,71:293
30,72:207
30,73:68
30,74:191
30,75:18
30,76:12
30,77:192
30,78:307
30,79:57
30,80:147
30,81:38
30,82:245
30,83:231
30,84:34
30,85:430
30,86:134
30,87:391
30,88:380
30,89:214
30,90:498
31,5:179
31,6:508
31,7:295
31,8:637
31,9:60
31,13:171
31,15:806
31,16:753
31,17:101
31,18:380
31,19:185
31,20:6
31,21:14
31,23:41
31,24:384
31,25:459
31,26:675
31,27:868
31,28:189
31,29:761
31,30:305
31,32:83
31,33:267
31,34:283
31,35:846
31,36:161
31,37:711
31,38:98
31,39:418
31,41:711
31,42:857
31,43:235
31,44:358
31,45:433
31,46:64
31,47:568
31,48:644
31,49:435
31,50:44
31,51:251
31,52:704
31,53:243
31,54:737
31,55:119
31,56:29
31,57:463
31,58:851
31,59:292
31,60:214
31,61:282
31,62:541
31,63:52
31,64:274
31,65:754
31,66:513
31,67:155
31,68:35
31,69:147
31,70:16
31,71:598
31,72:512
31,73:373
31,74:496
31,75:287
31,76:293
31,77:113
31,78:612
31,79:248
31,80:158
31,81:267
31,82:60
31,83:74
31,84:339
31,85:125
31,86:439
31,87:86
31,88:685
31,89:519
31,90:803
31,91:245
31,92:56
31,93:102
31,94:8
31,95:34
31,96:251
31,97:200
31,98:861
31,99:272
31,100:845
31,101:284
31,102:562
31,103:794
31,104:117
31,105:846
31,106:83
31,107:110
31,108:62
31,109:219
31,110:441
32,5:262
32,6:591
32,7:378
32,8:720
32,13:254
32,15:889
32,16:836
32,17:18
32,18:463
32,19:268
32,20:77
32,21:97
32,22:715
32,24:467
32,25:542
32,26:758
32,27:951
32,28:272
32,29:844
32,30:388
32,31:83
32,33:350
32,34:366
32,35:929
32,36:244
32,37:794
32,38:15
32,39:501
32,40:738
32,41:794
32,42:940
32,43:318
32,44:441
32,45:516
32,46:147
32,47:651
32,48:727
32,49:518
32,50:127
32,51:334
32,52:787
32,53:326
32,54:820
32,55:202
32,56:54
32,57:546
32,58:934
32,59:375
32,60:297
32,61:365
32,62:624
32,63:135
32,64:357
32,65:837
32,66:596
32,67:238
32,68:48
32,71:681
32,72:595
32,74:579
32,76:376
32,80:241
32,81:350
32,82:143
32,86:522
32,87:3
32,90:886
33,5:88
33,6:241
33,7:28
33,8:370
33,9:207
33,13:96
33,15:539
33,16:486
33,17:368
33,18:113
33,19:82
33,20:273
33,21:253
33,22:365
33,24:117
33,25:192
33,26:408
33,27:601
33,28:78
33,29:494
33,30:38
33,31:267
33,32:350
33,34:16
33,35:579
33,36:106
33,37:444
33,38:365
33,39:151
33,40:388
33,41:444
33,42:590
33,43:32
33,44:91
33,45:166
33,46:203
33,47:301
33,48:377
33,49:168
33,50:223
33,51:16
33,52:437
33,53:24
33,54:470
33,55:148
33,56:296
33,57:196
33,58:584
33,59:25
33,60:53
33,61:15
33,62:274
33,63:215
33,64:7
33,65:487
33,66:246
33,67:112
33,68:302
33,69:120
33,70:251
33,71:331
33,72:245
33,73:106
33,74:229
33,75:20
33,76:26
33,77:154
33,78:345
33,79:19
33,80:109
33,82:207
33,83:193
33,84:72
33,85:392
33,86:172
33,87:353
33,88:418
33,89:252
33,90:536
33,91:22
33,92:323
33,93:369
33,94:275
33,95:233
33,96:16
33,97:67
33,98:594
33,99:5
33,100:578
33,101:17
33,102:295
33,103:527
33,104:384
33,105:579
33,106:184
33,107:377
33,108:205
33,109:48
33,110:174
33,111:115
34,5:104
34,6:225
34,7:12
34,8:354
34,9:223
34,13:112
34,15:523
34,16:470
34,17:384
34,18:97
34,19:98
34,20:289
34,21:269
34,22:349
34,23:242
34,24:101
34,26:392
34,27:585
34,28:94
34,29:478
34,30:22
34,31:283
34,32:366
34,33:16
34,35:563
34,36:122
34,37:428
34,38:381
34,39:135
34,40:372
34,41:428
34,42:574
34,43:48
34,44:75
34,45:150
34,46:219
34,48:361
34,49:152
34,50:239
34,51:32
34,52:421
34,53:40
35,5:667
35,6:338
35,7:551
35,8:209
35,9:786
35,13:675
35,14:860
35,15:40
35,17:947
35,18:466
35,19:661
35,20:852
35,21:832
35,22:214
35,23:805
35,24:462
35,25:387
35,26:171
35,28:657
35,29:85
35,30:541
35,31:846
35,32:929
35,33:579
35,34:563
35,36:685
35,37:135
35,38:944
35,39:428
35,40:191
35,41:135
35,42:11
35,43:611
35,44:488
35,45:413
35,46:782
35,47:278
35,50:802
35,51:595
35,52:142
35,54:109
35,55:727
35,56:875
35,57:383
35,58:5
35,59:554
35,60:632
35,61:564
35,62:305
35,63:794
35,64:572
35,65:92
35,66:333
35,67:691
35,68:881
35,69:699
35,70:830
35,71:248
35,72:334
35,73:473
35,74:350
35,75:559
35,76:553
35,77:733
35,78:234
35,79:598
35,80:688
35,81:579
35,82:786
35,83:772
35,84:507
35,85:971
35,86:407
35,87:932
35,88:161
35,89:327
35,90:43
36,5:18
36,6:347
36,7:134
36,8:476
36,9:101
36,13:10
36,14:175
36,15:645
36,16:592
36,18:219
36,19:24
36,20:167
36,21:147
36,22:471
36,23:120
36,24:223
36,25:298
36,26:514
36,27:707
36,29:600
36,30:144
36,31:161
36,32:244
36,33:106
36,34:122
36,35:685
36,37:550
36,38:259
36,39:257
36,40:494
36,41:550
36,42:696
36,43:74
36,44:197
36,45:272
36,46:97
36,47:407
36,48:483
36,49:274
36,51:90
36,52:543
36,53:82
36,54:576
36,55:42
36,56:190
36,57:302
36,58:690
36,59:131
36,60:53
36,61:121
36,62:380
36,63:109
36,64:113
36,65:593
36,66:352
36,67:6
36,68:196
36,69:14
36,70:145
36,71:437
36,72:351
36,73:212
36,74:335
36,75:126
36,76:132
36,77:48
36,78:451
36,79:87
36,80:3
36,81:106
36,82:101
36,83:87
36,84:178
36,85:286
36,86:278
36,87:247
36,88:524
36,89:358
36,90:642
36,91:84
37,5:532
37,6:203
37,7:416
37,8:74
37,9:651
37,13:540
37,14:725
37,15:95
37,16:42
37,17:812
37,19:526
37,20:717
37,21:697
37,22:79
37,23:670
37,24:327
37,25:252
37,26:36
37,27:157
37,28:522
37,30:406
37,31:711
37,32:794
37,33:444
37,34:428
37,35:135
37,36:550
37,38:809
37,39:293
37,40:56
37,42:146
37,43:476
37,44:353
37,45:278
37,46:647
37,47:143
37,48:67
37,49:276
37,50:667
37,52:7
37,53:468
37,54:26
37,55:592
37,56:740
37,57:248
37,58:140
37,59:419
37,60:497
37,61:429
37,62:170
37,63:659
37,64:437
37,65:43
37,66:198
37,67:556
37,68:746
37,69:564
37,70:695
37,71:113
37,72:199
37,73:338
37,74:215
37,75:424
37,76:418
37,77:598
37,78:99
37,79:463
37,80:553
37,81:444
37,82:651
37,83:637
37,84:372
37,85:836
37,86:272
37,87:797
37,88:26
37,89:192
37,90:92
37,91:466
38,5:277
38,6:606
38,7:393
38,8:735
38,9:158
38,13:269
38,14:84
38,15:904
38,16:851
38,17:3
38,18:478
38,20:92
38,21:112
38,22:730
38,23:139
38,24:482
38,25:557
38,26:773
38,27:966
38,28:287
38,29:859
38,31:98
38,32:15
38,33:365
38,34:381
38,35:944
38,36:259
38,37:809
38,39:516
38,40:753
38,41:809
38,42:955
38,43:333
38,44:456
38,45:531
38,46:162
38,47:666
38,48:742
38,49:533
38,50:142
38,51:349
38,53:341
38,54:835
38,55:217
38,56:69
38,57:561
38,58:949
38,59:390
38,60:312
38,61:380
38,62:639
38,63:150
38,64:372
38,65:852
38,66:611
38,67:253
38,68:63
38,69:245
38,70:114
38,71:696
38,72:610
38,73:471
38,74:594
38,75:385
38,76:391
38,77:211
38,78:710
38,79:346
38,80:256
38,81:365
38,82:158
38,83:172
38,84:437
38,85:27
38,86:537
38,87:12
38,88:783
38,89:617
38,90:901
38,91:343
39,7:123
39,8:219
39,9:358
39,13:247
39,15:388
39,16:335
39,17:519
39,18:38
39,19:233
39,20:424
39,21:404
39,23:377
39,24:34
39,25:41
39,26:257
39,27:450
39,28:229
39,29:343
39,30:113
39,32:501
39,33:151
39,34:135
39,35:428
39,36:257
39,37:293
39,38:516
39,40:237
39,41:293
39,42:439
39,43:183
39,44:60
39,45:15
39,46:354
39,47:150
39,48:226
39,49:17
39,50:374
39,51:167
39,52:286
39,53:175
39,54:319
39,55:299
39,56:447
39,57:45
39,58:433
39,59:126
39,60:204
39,61:136
39,62:123
39,63:366
39,64:144
39,65:336
39,66:95
39,67:263
39,68:453
39,69:271
39,70:402
39,71:180
39,72:94
39,73:45
39,74:78
39,75:131
39,76:125
39,77:305
39,78:194
39,79:170
39,80:260
39,81:151
39,82:358
39,83:344
39,84:79
39,85:543
39,86:21
39,87:504
39,88:267
39,89:101
39,90:385
39,91:173
39,92:474
39,93:520
39,94:426
39,95:384
39,96:167
39,97:218
39,98:443
39,99:146
39,100:427
39,101:134
39,102:144
39,103:376
39,104:535
39,105:428
39,106:335
39,107:528
39,108:356
39,109:199
39,110:23
40,7:360
40,8:18
40,9:595
40,13:484
40,15:151
40,16:98
40,17:756
40,18:275
40,19:470
40,20:661
40,21:641
40,23:614
40,24:271
40,25:196
40,26:20
40,27:213
40,28:466
40,29:106
40,30:350
40,32:738
40,33:388
40,34:372
40,35:191
40,36:494
40,37:56
40,38:753
40,41:56
40,42:202
40,43:420
40,44:297
40,45:222
40,46:591
40,47:87
40,48:11
40,49:220
40,50:611
40,51:404
40,52:49
40,53:412
40,54:82
40,55:536
40,56:684
40,57:192
40,58:196
40,59:363
40,60:441
40,61:373
40,62:114
40,63:603
40,64:381
40,65:99
40,66:142
40,67:500
40,68:690
40,69:508
40,70:639
40,71:57
40,72:143
40,73:282
40,74:159
40,75:368
40,76:362
40,77:542
40,78:43
40,79:407
40,80:497
40,81:388
40,82:595
40,83:581
40,84:316
40,85:780
40,86:216
40,87:741
40,88:30
40,89:136
40,90:148
40,91:410
40,92:711
40,93:757
40,94:663
40,95:621
40,96:404
40,97:455
40,98:206
40,99:383
40,100:190
40,101:371
40,102:93
40,103:139
40,104:772
40,105:191
40,106:572
40,107:765
40,108:593
40,109:436
40,110:214
40,111:273
41,5:532
41,6:203
41,7:416
41,8:74
41,13:540
41,15:95
41,16:42
41,17:812
41,18:331
41,19:526
41,20:717
41,21:697
41,22:79
41,24:327
41,25:252
41,26:36
41,27:157
41,28:522
41,29:50
41,30:406
41,31:711
41,33:444
41,34:428
41,35:135
41,36:550
41,38:809
41,39:293
41,40:56
41,42:146
41,43:476
41,44:353
41,45:278
41,46:647
41,47:143
41,48:67
41,49:276
41,50:667
41,51:460
41,52:7
41,53:468
41,54:26
41,55:592
41,56:740
41,57:248
41,58:140
41,59:419
41,60:497
41,61:429
41,62:170
41,63:659
41,64:437
41,65:43
41,66:198
41,67:556
41,68:746
41,69:564
41,70:695
41,71:113
41,72:199
41,74:215
41,76:418
41,80:553
41,81:444
41,82:651
41,86:272
41,87:797
41,90:92
42,5:678
42,6:349
42,7:562
42,8:220
42,9:797
42,13:686
42,15:51
42,16:104
42,17:958
42,18:477
42,19:672
42,20:863
42,21:843
42,22:225
42,23:816
42,24:473
42,26:182
42,27:11
42,28:668
42,29:96
42,30:552
42,31:857
42,32:940
42,33:590
42,35:11
42,36:696
42,37:146
42,38:955
42,39:439
42,40:202
42,41:146
42,43:622
42,44:499
42,45:424
42,46:793
42,47:289
42,48:213
42,49:422
42,50:813
42,51:606
42,52:153
42,53:614
43,5:56
43,6:273
43,7:60
43,8:402
43,9:175
43,13:64
43,14:249
43,15:571
43,17:336
43,18:145
43,19:50
43,20:241
43,21:221
43,22:397
43,23:194
43,24:149
43,25:224
43,26:440
43,28:46
43,29:526
43,30:70
43,31:235
43,32:318
43,33:32
43,34:48
43,36:74
43,37:476
43,38:333
43,39:183
43,40:420
43,41:476
43,42:622
43,44:123
43,45:198
43,46:171
43,47:333
43,48:409
43,49:200
43,50:191
43,51:16
43,52:469
43,54:502
43,55:116
43,56:264
43,57:228
43,58:616
43,59:57
43,60:21
43,61:47
43,62:306
43,63:183
43,64:39
43,65:519
43,66:278
43,67:80
43,68:270
43,69:88
43,70:219
43,71:363
43,72:277
43,73:138
43,74:261
43,75:52
43,76:58
43,77:122
43,78:377
43,79:13
43,80:77
43,81:32
43,82:175
43,83:161
43,84:104
43,85:360
43,86:204
43,87:321
43,88:450
43,89:284
43,90:568
44,5:179
44,6:150
44,7:63
44,8:279
44,9:298
44,13:187
44,14:372
44,15:448
44,16:395
44,18:22
44,19:173
44,20:364
44,21:344
44,22:274
44,23:317
44,24:26
44,25:101
44,26:317
44,27:510
44,29:403
44,30:53
44,31:358
44,32:441
44,33:91
44,34:75
44,35:488
44,37:353
44,38:456
44,39:60
44,40:297
44,41:353
44,42:499
44,43:123
44,45:75
44,46:294
44,47:210
44,48:286
44,49:77
44,50:314
44,51:107
44,52:346
44,53:115
44,54:379
44,55:239
44,56:387
44,57:105
44,58:493
44,59:66
44,60:144
44,61:76
44,62:183
44,63:306
44,64:84
44,65:396
44,66:155
44,67:203
44,68:393
44,69:211
44,70:342
44,71:240
44,72:154
44,73:15
44,74:138
44,75:71
44,76:65
44,77:245
44,78:254
44,79:110
44,80:200
44,81:91
44,82:298
44,83:284
44,84:19
44,85:483
44,86:81
44,87:444
44,88:327
44,89:161
44,90:445
44,91:113
44,92:414
44,93:460
44,94:366
44,95:324
44,96:107
44,97:158
44,98:503
44,99:86
44,100:487
44,101:74
44,102:204
44,103:436
44,104:475
44,105:488
44,106:275
44,107:468
44,108:296
44,109:139
44,110:83
45,5:254
45,6:75
45,7:138
45,8:204
45,9:373
45,13:262
45,14:447
45,15:373
45,16:320
45,17:534
45,19:248
45,20:439
45,21:419
45,22:199
45,23:392
45,24:49
45,25:26
45,26:242
45,27:435
45,28:244
45,30:128
45,31:433
45,32:516
45,33:166
45,34:150
45,35:413
45,36:272
45,38:531
45,39:15
45,40:222
45,41:278
45,42:424
45,43:198
45,44:75
45,46:369
45,47:135
45,48:211
45,49:2
45,50:389
45,51:182
45,52:271
45,53:190
45,54:304
45,55:314
45,56:462
45,57:30
45,58:418
45,59:141
45,60:219
45,61:151
45,62:108
45,63:381
45,64:159
45,65:321
45,66:80
45,67:278
45,68:468
45,69:286
45,70:417
45,71:165
45,72:79
45,73:60
45,74:63
45,75:146
45,76:140
45,77:320
45,78:179
45,79:185
45,80:275
45,81:166
45,82:373
45,83:359
45,84:94
45,85:558
45,86:6
45,87:519
45,88:252
45,89:86
45,90:370
45,91:188
45,92:489
45,93:535
45,94:441
45,95:399
45,96:182
45,97:233
45,98:428
45,99:161
45,100:412
45,101:149
45,102:129
45,103:361
45,104:550
45,105:413
45,106:350
45,107:543
45,108:371
45,109:214
45,110:8
46,5:115
46,6:444
46,7:231
46,8:573
46,9:4
46,13:107
46,14:78
46,15:742
46,16:689
46,17:165
46,18:316
46,20:70
46,21:50
46,22:568
46,23:23
46,24:320
46,25:395
46,26:611
46,27:804
46,28:125
46,29:697
46,31:64
46,32:147
46,33:203
46,34:219
46,35:782
46,36:97
46,37:647
46,39:354
46,40:591
46,41:647
46,42:793
46,43:171
46,44:294
46,45:369
46,47:504
46,48:580
46,49:371
46,50:20
46,51:187
46,52:640
46,53:179
46,54:673
46,55:55
46,56:93
46,57:399
46,58:787
46,59:228
46,60:150
46,61:218
46,62:477
46,63:12
46,64:210
46,65:690
46,66:449
46,67:91
46,68:99
46,69:83
46,70:48
46,71:534
46,72:448
46,73:309
46,74:432
46,75:223
46,76:229
46,77:49
46,78:548
46,79:184
46,80:94
46,81:203
46,82:4
46,83:10
46,84:275
46,85:189
46,86:375
46,87:150
46,88:621
46,89:455
46,90:739
46,91:181
46,92:120
46,93:166
46,94:72
46,95:30
46,96:187
46,97:136
46,98:797
46,99:208
46,100:781
46,101:220
46,102:498
46,103:730
46,104:181
46,105:782
46,106:19
46,107:174
46,108:2
46,109:155
46,110:377
47,5:389
47,6:60
47,7:273
47,8:69
47,9:508
47,13:397
47,15:238
47,16:185
47,17:669
47,18:188
47,19:383
47,20:574
47,21:554
47,22:64
47,23:527
47,24:184
47,26:107
47,27:300
47,28:379
47,29:193
47,30:263
47,31:568
47,32:651
47,33:301
47,35:278
47,36:407
47,37:143
47,38:666
47,39:150
47,40:87
47,41:143
47,43:333
47,44:210
47,45:135
47,46:504
47,48:76
47,49:133
47,50:524
47,51:317
47,52:136
47,53:325
47,54:169
47,55:449
47,56:597
47,57:105
47,58:283
47,59:276
47,60:354
48,5:465
48,6:136
48,7:349
48,8:7
48,9:584
48,13:473
48,14:658
48,15:162
48,17:745
48,18:264
48,19:459
48,20:650
48,21:630
48,22:12
48,23:603
48,24:260
48,25:185
48,26:31
48,28:455
48,29:117
48,30:339
48,31:644
48,32:727
48,33:377
48,34:361
48,36:483
48,37:67
48,38:742
48,39:226
48,40:11
48,41:67
48,42:213
48,44:286
48,45:211
48,46:580
48,47:76
48,49:209
48,50:600
48,51:393
48,52:60
48,53:401
48,54:93
48,55:525
48,56:673
48,57:181
48,58:207
48,59:352
48,60:430
48,61:362
48,62:103
48,63:592
48,64:370
48,65:110
48,66:131
48,67:489
48,68:679
48,69:497
48,70:628
48,71:46
48,72:132
48,73:271
48,74:148
48,75:357
48,76:351
48,77:531
48,78:32
48,79:396
48,80:486
48,81:377
48,82:584
48,83:570
48,84:305
48,85:769
48,86:205
48,87:730
48,88:41
48,89:125
48,90:159
48,91:399
48,92:700
48,93:746
48,94:652
48,95:610
48,96:393
48,97:444
48,98:217
48,99:372
48,100:201
48,101:360
48,102:82
48,103:150
48,104:761
48,105:202
48,106:561
48,107:754
48,108:582
48,109:425
48,110:203
49,5:256
49,6:73
49,7:140
49,8:202
49,9:375
49,13:264
49,14:449
49,15:371
49,17:536
49,18:55
49,19:250
49,20:441
49,21:421
49,22:197
49,23:394
49,24:51
49,25:24
49,26:240
49,28:246
49,29:326
49,30:130
49,31:435
49,32:518
49,33:168
49,34:152
49,36:274
49,37:276
49,38:533
49,39:17
49,40:220
49,41:276
49,42:422
49,44:77
49,45:2
49,46:371
49,47:133
49,48:209
49,50:391
49,51:184
49,52:269
49,53:192
49,54:302
49,55:316
49,56:464
49,57:28
49,58:416
49,59:143
49,60:221
49,61:153
49,62:106
49,63:383
49,64:161
49,65:319
49,66:78
49,67:280
49,68:470
49,69:288
49,70:419
49,71:163
49,72:77
49,73:62
49,74:61
49,75:148
49,76:142
49,77:322
49,78:177
49,79:187
49,80:277
49,81:168
49,82:375
49,83:361
49,84:96
49,85:560
49,86:4
49,87:521
49,88:250
49,89:84
49,90:368
49,91:190
50,5:135
50,6:464
50,7:251
50,8:593
50,9:16
50,13:127
50,14:58
50,15:762
50,16:709
50,18:336
50,19:141
50,20:50
50,21:30
50,22:588
50,23:3
50,24:340
50,25:415
50,26:631
50,27:824
50,29:717
50,30:261
50,31:44
50,32:127
50,33:223
50,34:239
50,35:802
50,37:667
50,38:142
50,39:374
50,40:611
50,41:667
50,42:813
50,43:191
50,45:389
50,46:20
50,47:524
50,48:600
50,49:391
50,51:207
50,52:660
50,53:199
50,54:693
50,55:75
50,56:73
50,57:419
50,58:807
50,59:248
50,60:170
50,61:238
50,62:497
50,63:8
50,64:230
50,65:710
50,66:469
50,67:111
50,68:79
50,69:103
50,70:28
50,71:554
50,72:468
50,73:329
50,74:452
50,75:243
50,76:249
50,77:69
50,78:568
50,79:204
50,80:114
50,81:223
50,82:16
50,83:30
50,84:295
50,85:169
50,86:395
50,87:130
50,88:641
50,89:475
50,90:759
50,91:201
50,92:100
50,93:146
50,94:52
50,95:10
50,96:207
50,97:156
50,98:817
50,99:228
50,100:801
50,101:240
50,102:518
50,103:750
50,104:161
50,105:802
50,106:39
50,107:154
50,108:18
50,109:175
50,110:397
50,111:338
51,5:72
51,6:257
51,7:44
51,8:386
51,9:191
51,13:80
51,14:265
51,15:555
51,16:502
51,17:352
51,19:66
51,20:257
51,21:237
51,22:381
51,23:210
51,24:133
51,25:208
51,26:424
51,27:617
51,28:62
51,30:54
51,31:251
