<number of tasks>
111

<cycle time>
7520

<task times>
1 1960
2 1715
3 735
4 1715
5 490
6 1225
7 169
8 2252
9 1225
10 2319
11 1715
12 980
13 735
14 2281
15 2750
16 77
17 89
18 51
19 364
20 405
21 3060
22 125
23 3429
24 43
25 3430
26 1960
27 29
28 27
29 15
30 121
31 1715
32 2127
33 1470
34 4037
35 68
36 62
37 42
38 364
39 4998
40 1470
41 2963
42 5689
43 68
44 18
45 10
46 81
47 5200
48 39
49 67
50 27
51 15
52 121
53 58
54 1715
55 125
56 4010
57 1470
58 1470
59 2303
60 1960
61 2205
62 4018
63 2744
64 2999
65 735
66 735
67 735
68 735
69 545
70 3386
71 3234
72 2205
73 2206
74 490
75 825
76 3528
77 3568
78 1200
79 618
80 1470
81 1715
82 735
83 1960
84 2889
85 618
86 490
87 735
88 490
89 921
90 326
91 5390
92 243
93 371
94 58
95 5059
96 1225
97 769
98 768
99 1670
100 1670
101 490
102 202
103 203
104 202
105 2744
106 162
107 324
108 162
109 121
110 162
111 91

<precedence relations>
1,2
2,3
3,4
4,5
4,6
4,7
4,8
4,9
4,10
5,39
6,39
7,83
8,71
9,32
10,11
10,12
11,13
11,14
11,15
11,16
11,17
11,18
11,19
11,20
11,21
12,13
12,14
12,15
12,16
12,17
12,18
12,19
12,20
12,21
13,71
14,22
14,23
14,24
14,25
15,26
16,27
17,28
18,29
19,30
20,91
21,111
22,31
22,83
23,32
23,33
24,69
24,70
25,34
26,82
27,35
28,36
29,37
30,38
31,39
32,41
33,111
34,42
35,43
36,44
36,91
37,45
37,91
38,46
38,91
39,40
40,111
41,69
41,70
42,47
43,48
43,49
44,50
45,51
46,52
47,54
47,55
47,56
47,57
47,58
47,59
47,60
48,53
49,91
50,111
51,111
52,111
53,111
54,69
54,70
55,61
55,62
55,63
56,63
56,64
57,65
57,91
58,66
58,91
59,67
59,91
60,68
60,91
61,69
61,70
62,71
63,111
64,72
65,111
66,111
67,111
68,111
69,77
69,78
70,73
71,91
72,74
73,75
74,76
75,77
75,78
75,79
76,80
76,81
76,82
77,83
78,84
79,85
80,86
80,91
81,87
81,91
82,111
83,91
84,88
84,89
84,91
85,111
86,111
87,90
88,105
89,105
90,111
91,92
91,93
91,94
92,95
93,95
94,95
95,96
95,97
95,98
95,99
95,100
95,104
96,101
97,102
98,103
99,111
100,111
101,105
102,106
102,107
103,107
103,108
104,111
105,111
106,109
107,111
108,110
109,111
110,111

<setup times forward>
1,2:274
2,3:380
3,4:200
4,5:29
4,6:248
4,7:107
4,8:334
4,9:50
4,10:196
5,6:219
5,7:78
5,8:305
5,9:79
5,10:167
5,11:373
5,12:104
5,13:5
5,14:128
5,15:418
5,16:383
5,17:186
5,18:134
5,19:4
5,20:123
5,21:110
5,22:302
5,23:92
5,24:137
5,25:187
5,26:331
5,27:459
5,28:7
5,29:388
5,30:84
5,31:119
5,32:174
5,33:59
5,34:69
5,35:445
5,36:11
5,37:355
5,38:184
5,39:160
5,41:355
5,42:452
5,43:37
5,44:120
5,45:169
5,46:76
5,47:260
5,48:310
5,49:171
5,50:90
5,51:48
5,52:351
5,53:43
5,54:372
5,55:40
5,56:138
5,57:190
5,58:448
5,59:76
5,60:24
5,61:69
5,62:241
5,63:84
5,64:64
5,65:384
5,66:223
5,67:16
5,68:142
5,69:21
5,70:108
5,71:279
5,72:222
5,73:130
5,74:211
5,75:72
5,76:76
5,77:44
5,78:289
5,79:46
5,80:14
5,81:59
5,82:79
5,83:70
5,84:107
5,85:202
5,86:174
5,87:176
5,88:337
5,89:227
5,90:416
5,91:44
5,92:156
5,93:187
5,94:124
5,95:96
5,96:48
5,97:14
5,98:455
5,99:63
5,100:444
5,101:70
5,102:256
5,103:410
5,104:197
5,105:445
5,106:64
5,107:192
5,108:78
5,109:27
5,110:175
6,5:219
6,7:141
6,8:86
6,9:298
6,10:52
6,11:154
6,12:115
6,13:224
6,14:347
6,15:199
6,16:164
6,17:405
6,18:85
6,19:215
6,20:342
6,21:329
6,22:83
6,23:311
6,24:82
6,25:32
6,26:112
6,27:240
6,28:212
6,29:169
6,30:135
6,31:338
6,32:393
6,33:160
6,34:150
6,35:226
6,36:230
6,37:136
6,38:403
6,39:59
6,41:136
6,42:233
6,43:182
6,44:99
6,45:50
6,46:295
6,47:41
6,48:91
6,49:48
6,50:309
6,51:171
6,52:132
6,53:176
6,54:153
6,55:259
6,56:357
6,57:29
6,58:229
6,59:143
6,60:195
6,61:150
6,62:22
6,63:303
6,64:155
6,65:165
6,66:4
6,67:235
6,68:361
6,69:240
6,70:327
6,71:60
6,72:3
6,73:89
6,74:8
6,75:147
6,76:143
6,77:263
6,78:70
6,79:173
6,80:233
6,81:160
6,82:298
6,83:289
6,84:112
6,85:421
6,86:45
6,87:395
6,88:118
6,89:8
6,90:197
6,91:175
6,92:375
6,93:406
6,94:343
6,95:315
6,96:171
6,97:205
6,98:236
6,99:156
6,100:225
6,101:149
6,102:37
6,103:191
6,104:416
6,105:226
6,106:283
6,107:411
6,108:297
6,109:192
6,110:44
7,5:78
7,6:141
7,8:227
7,9:157
7,10:89
7,11:295
7,12:26
7,13:83
7,14:206
7,15:340
7,16:305
7,17:264
7,18:56
7,19:74
7,20:201
7,21:188
7,22:224
7,23:170
7,24:59
7,25:109
7,26:253
7,27:381
7,28:71
7,29:310
7,30:6
7,31:197
7,32:252
7,33:19
7,34:9
7,35:367
7,36:89
7,37:277
7,38:262
7,39:82
7,40:239
7,41:277
7,42:374
7,43:41
7,44:42
7,45:91
7,46:154
7,47:182
7,48:232
7,49:93
7,50:168
7,51:30
7,52:273
7,53:35
7,54:294
7,55:118
7,56:216
7,57:112
7,58:370
7,59:2
7,60:54
7,61:9
7,62:163
7,63:162
7,64:14
7,65:306
7,66:145
7,67:94
7,68:220
7,69:99
7,70:186
7,71:201
7,72:144
7,73:52
7,74:133
7,75:6
7,76:2
7,77:122
7,78:211
7,79:32
7,80:92
7,81:19
7,82:157
7,83:148
7,84:29
7,85:280
7,86:96
7,87:254
7,88:259
7,89:149
7,90:338
8,5:305
8,6:86
8,7:227
8,9:384
8,10:138
8,11:68
8,12:201
8,13:310
8,14:433
8,15:113
8,16:78
8,17:491
8,18:171
8,19:301
8,20:428
8,21:415
8,22:3
8,23:397
8,24:168
8,25:118
8,26:26
8,27:154
8,28:298
8,29:83
8,30:221
8,31:424
8,32:479
8,33:246
8,34:236
8,35:140
8,36:316
8,37:50
8,38:489
8,39:145
8,40:12
8,41:50
8,42:147
8,43:268
8,44:185
8,45:136
8,46:381
8,47:45
8,48:5
8,49:134
8,50:395
8,51:257
8,52:46
8,53:262
8,54:67
8,55:345
8,56:443
8,57:115
8,58:143
8,59:229
8,60:281
8,61:236
8,62:64
8,63:389
8,64:241
8,65:79
8,66:82
8,67:321
8,68:447
8,69:326
8,70:413
8,71:26
8,72:83
8,73:175
8,74:94
8,75:233
8,76:229
8,77:349
8,78:16
8,79:259
8,80:319
8,81:246
8,82:384
8,83:375
8,84:198
8,85:507
8,86:131
8,87:481
8,88:32
8,89:78
8,90:111
9,5:79
9,6:298
9,7:157
9,8:384
9,10:246
9,11:452
9,12:183
9,13:74
9,14:49
9,15:497
9,16:462
9,17:107
9,18:213
9,19:83
9,20:44
9,21:31
9,22:381
9,23:13
9,24:216
9,25:266
9,26:410
9,27:538
9,28:86
9,29:467
9,30:163
9,31:40
9,32:95
9,33:138
9,34:148
9,35:524
9,36:68
9,37:434
9,38:105
9,39:239
9,40:396
9,42:531
9,43:116
9,44:199
9,45:248
9,46:3
9,47:339
9,48:389
9,49:250
9,50:11
9,51:127
9,52:430
9,53:122
9,54:451
9,55:39
9,56:59
9,57:269
9,58:527
9,59:155
9,60:103
9,61:148
9,62:320
9,63:5
9,64:143
9,65:463
9,66:302
9,67:63
9,68:63
9,71:358
9,72:301
9,74:290
9,76:155
9,80:65
9,81:138
9,86:253
9,87:97
9,90:495
10,5:167
10,6:52
10,7:89
10,8:138
10,9:246
10,11:206
10,12:63
11,5:373
11,6:154
11,7:295
11,8:68
11,9:452
11,12:269
11,13:378
11,14:501
11,15:45
11,16:10
11,17:559
11,18:239
11,19:369
11,20:496
11,21:483
12,5:104
12,6:115
12,7:26
12,8:201
12,9:183
12,11:269
12,13:109
12,14:232
12,15:314
12,16:279
12,17:290
12,18:30
12,19:100
12,20:227
12,21:214
13,5:5
13,6:224
13,7:83
13,8:310
13,9:74
13,14:123
13,15:423
13,16:388
13,17:181
13,18:139
13,19:9
13,20:118
13,21:105
13,22:307
13,23:87
13,24:142
13,25:192
13,26:336
13,27:464
13,28:12
13,29:393
13,30:89
13,31:114
13,32:169
13,33:64
13,34:74
13,35:450
13,36:6
13,37:360
13,38:179
13,39:165
13,40:322
13,41:360
13,42:457
13,43:42
13,44:125
13,45:174
13,46:71
13,47:265
13,48:315
13,49:176
13,50:85
13,51:53
13,52:356
13,53:48
13,54:377
13,55:35
13,56:133
13,57:195
13,58:453
13,59:81
13,60:29
13,61:74
13,62:246
13,63:79
13,64:69
13,65:389
13,66:228
13,67:11
13,68:137
13,69:16
13,70:103
13,71:284
13,72:227
13,73:135
13,74:216
13,75:77
13,76:81
13,77:39
13,78:294
13,79:51
13,80:9
13,81:64
13,82:74
13,83:65
13,84:112
13,85:197
13,86:179
13,87:171
13,88:342
13,89:232
13,90:421
14,5:128
14,6:347
14,7:206
14,8:433
14,9:49
14,13:123
14,15:546
14,16:511
14,17:58
14,18:262
14,19:132
14,20:5
14,21:18
14,22:430
14,23:36
14,24:265
14,25:315
14,26:459
14,27:587
14,28:135
14,29:516
14,30:212
14,35:573
14,36:117
14,37:483
14,38:56
14,43:165
14,44:248
14,45:297
14,46:52
14,48:438
14,49:299
14,50:38
14,51:176
14,52:479
14,53:171
15,5:418
15,6:199
15,7:340
15,8:113
15,9:497
15,13:423
15,14:546
15,16:35
15,17:604
15,18:284
15,19:414
15,20:541
15,21:528
15,22:116
15,23:510
15,24:281
15,25:231
15,26:87
15,27:41
15,28:411
15,29:30
15,30:334
15,31:537
15,32:592
15,33:359
15,34:349
15,35:27
15,36:429
15,37:63
15,38:602
15,39:258
15,40:101
15,41:63
15,42:34
15,43:381
15,44:298
15,45:249
15,46:494
15,47:158
15,48:108
15,49:247
15,50:508
15,51:370
15,52:67
15,53:375
15,54:46
15,55:458
15,56:556
15,57:228
15,58:30
15,59:342
15,60:394
15,61:349
15,62:177
15,63:502
15,64:354
15,65:34
15,66:195
15,67:434
15,68:560
15,69:439
15,70:526
15,71:139
15,72:196
15,73:288
15,74:207
15,75:346
15,76:342
15,77:462
15,78:129
15,79:372
15,80:432
15,81:359
15,83:488
15,84:311
15,85:620
15,86:244
15,87:594
15,88:81
15,89:191
15,90:2
15,91:374
15,92:574
15,93:605
15,94:542
15,95:514
15,96:370
15,97:404
15,98:37
15,99:355
15,100:26
15,101:348
15,102:162
15,103:8
15,104:615
15,105:27
15,106:482
15,107:610
15,108:496
15,109:391
15,110:243
16,5:383
16,6:164
16,7:305
16,8:78
16,9:462
16,13:388
16,14:511
16,15:35
16,17:569
16,18:249
16,19:379
16,20:506
16,21:493
16,22:81
16,23:475
16,24:246
16,25:196
16,26:52
16,27:76
16,28:376
16,29:5
16,30:299
16,31:502
16,32:557
16,33:324
16,34:314
16,36:394
16,37:28
16,38:567
16,39:223
16,40:66
16,41:28
16,42:69
16,44:263
16,45:214
16,46:459
16,47:123
16,50:473
16,51:335
16,52:32
16,54:11
16,55:423
16,56:521
16,57:193
16,58:65
16,59:307
16,60:359
16,61:314
16,62:142
16,63:467
16,64:319
16,65:1
16,66:160
16,67:399
16,68:525
16,69:404
16,70:491
16,71:104
16,72:161
16,73:253
16,74:172
16,75:311
16,76:307
16,77:427
16,78:94
16,79:337
16,80:397
16,81:324
16,82:462
16,83:453
16,84:276
16,85:585
16,86:209
16,87:559
16,88:46
16,89:156
16,90:33
17,5:186
17,6:405
17,7:264
17,8:491
17,9:107
17,13:181
17,14:58
17,15:604
17,16:569
17,18:320
17,19:190
17,20:63
17,21:76
17,22:488
17,23:94
17,24:323
17,25:373
17,26:517
17,27:645
17,28:193
17,29:574
17,30:270
17,31:67
17,32:12
17,33:245
17,34:255
17,35:631
17,37:541
17,38:2
17,39:346
17,40:503
17,41:541
17,42:638
17,43:223
17,45:355
17,46:110
17,47:446
17,48:496
17,49:357
17,51:234
17,52:537
17,53:229
17,54:558
17,55:146
17,56:48
17,57:376
17,58:634
17,59:262
17,60:210
17,61:255
17,62:427
17,63:102
17,64:250
17,65:570
17,66:409
17,67:170
17,68:44
17,69:165
17,70:78
17,71:465
17,72:408
17,73:316
17,74:397
17,75:258
17,76:262
17,77:142
17,78:475
17,79:232
17,80:172
17,81:245
17,82:107
17,83:116
17,84:293
17,85:16
17,86:360
17,87:10
17,88:523
17,89:413
17,90:602
18,5:134
18,6:85
18,7:56
18,8:171
18,9:213
18,13:139
18,14:262
18,15:284
18,16:249
18,17:320
18,19:130
18,20:257
18,21:244
18,22:168
18,23:226
18,24:3
18,25:53
18,26:197
18,27:325
18,28:127
18,29:254
18,30:50
18,31:253
18,32:308
18,33:75
18,34:65
18,35:311
18,36:145
18,38:318
18,39:26
18,40:183
18,41:221
18,42:318
18,43:97
18,44:14
18,46:210
18,47:126
18,48:176
18,49:37
18,50:224
18,52:217
18,53:91
18,54:238
18,55:174
18,56:272
18,57:56
18,58:314
18,59:58
18,60:110
18,61:65
18,62:107
18,63:218
18,64:70
18,65:250
18,66:89
18,67:150
18,68:276
18,69:155
18,70:242
18,71:145
18,72:88
18,73:4
18,74:77
18,75:62
18,76:58
18,77:178
18,78:155
18,79:88
18,80:148
18,81:75
18,82:213
18,83:204
18,84:27
18,85:336
18,86:40
18,87:310
18,88:203
18,89:93
18,90:282
19,5:4
19,6:215
19,7:74
19,8:301
19,9:83
19,13:9
19,14:132
19,15:414
19,16:379
19,17:190
19,18:130
19,20:127
19,21:114
19,22:298
19,23:96
19,24:133
19,25:183
19,26:327
19,27:455
19,28:3
19,29:384
19,30:80
19,31:123
19,32:178
19,33:55
19,34:65
19,35:441
19,36:15
19,37:351
19,39:156
19,40:313
19,41:351
19,42:448
19,43:33
19,44:116
19,45:165
19,47:256
19,48:306
19,49:167
19,50:94
19,51:44
19,53:39
19,54:368
19,55:44
19,56:142
19,57:186
19,58:444
19,59:72
19,60:20
19,61:65
19,62:237
19,63:88
19,64:60
19,65:380
19,66:219
19,67:20
19,68:146
19,69:25
19,70:112
19,71:275
19,72:218
19,73:126
19,74:207
19,75:68
19,76:72
19,77:48
19,78:285
19,79:42
19,80:18
19,81:55
19,82:83
19,83:74
19,84:103
19,85:206
19,86:170
19,87:180
19,88:333
19,89:223
19,90:412
20,5:123
20,6:342
20,7:201
20,8:428
20,9:44
20,13:118
20,14:5
20,15:541
20,16:506
20,17:63
20,18:257
20,19:127
20,21:13
20,22:425
20,23:31
20,24:260
20,25:310
20,26:454
20,27:582
20,28:130
20,29:511
20,30:207
20,31:4
20,32:51
20,33:182
20,34:192
20,35:568
20,36:112
20,37:478
20,38:61
20,39:283
20,40:440
20,41:478
20,42:575
20,43:160
20,44:243
20,45:292
20,46:47
20,47:383
20,48:433
20,49:294
20,50:33
20,51:171
20,52:474
20,53:166
20,54:495
20,55:83
20,56:15
20,57:313
20,58:571
20,59:199
20,60:147
20,61:192
20,62:364
20,63:39
20,64:187
20,65:507
20,66:346
20,67:107
20,68:19
20,69:102
20,70:15
20,71:402
20,72:345
20,73:253
20,74:334
20,75:195
20,76:199
20,77:79
20,78:412
20,79:169
20,80:109
20,81:182
20,82:44
20,83:53
20,84:230
20,85:79
20,86:297
20,87:53
20,88:460
20,89:350
20,90:539
20,91:167
21,5:110
21,6:329
21,7:188
21,8:415
21,9:31
21,13:105
21,14:18
21,15:528
21,16:493
21,17:76
21,18:244
21,19:114
21,20:13
21,22:412
21,23:18
21,24:247
21,25:297
21,26:441
21,27:569
21,28:117
21,29:498
21,30:194
21,31:9
21,32:64
21,33:169
21,34:179
21,35:555
21,36:99
21,37:465
21,38:74
21,39:270
21,40:427
21,41:465
21,42:562
21,43:147
21,44:230
21,45:279
21,46:34
21,47:370
21,48:420
21,49:281
21,50:20
21,51:158
21,52:461
21,53:153
21,54:482
21,55:70
21,56:28
21,57:300
21,58:558
21,59:186
21,60:134
21,61:179
21,62:351
21,63:26
21,64:174
21,65:494
21,66:333
21,67:94
21,68:32
21,69:89
21,70:2
21,71:389
21,72:332
21,73:240
21,74:321
21,75:182
21,76:186
21,77:66
21,78:399
21,79:156
21,80:96
21,81:169
21,82:31
21,83:40
21,84:217
21,85:92
21,86:284
21,87:66
21,88:447
21,89:337
21,90:526
21,91:154
21,92:46
21,93:77
21,94:14
21,95:14
21,96:158
21,97:124
21,98:565
21,99:173
21,100:554
21,101:180
21,102:366
21,103:520
21,104:87
21,105:555
21,106:46
21,107:82
21,108:32
21,109:137
21,110:285
21,111:246
22,5:302
22,6:83
22,7:224
22,8:3
22,9:381
22,13:307
22,15:116
22,16:81
22,17:488
22,18:168
22,19:298
22,20:425
22,21:412
22,23:394
22,24:165
22,25:115
22,26:29
22,27:157
22,28:295
22,29:86
22,30:218
22,31:421
22,32:476
22,33:243
22,34:233
22,35:143
22,36:313
22,37:53
22,38:486
22,41:53
22,42:150
22,43:265
22,44:182
22,45:133
22,46:378
22,47:42
22,48:8
22,49:131
22,50:392
22,51:254
22,52:49
22,53:259
22,54:70
22,55:342
22,56:440
22,57:112
22,58:146
22,59:226
22,60:278
22,61:233
22,62:61
22,63:386
22,64:238
22,65:82
22,66:79
22,67:318
22,68:444
22,69:323
22,70:410
22,71:23
22,72:80
22,73:172
22,74:91
22,75:230
22,76:226
22,77:346
22,78:13
22,79:256
22,80:316
22,81:243
22,82:381
22,83:372
22,84:195
22,85:504
22,86:128
22,87:478
22,88:35
22,89:75
22,90:114
23,5:92
23,6:311
23,7:170
23,8:397
23,9:13
23,13:87
23,15:510
23,16:475
23,17:94
23,18:226
23,19:96
23,20:31
23,21:18
23,22:394
23,24:229
23,25:279
23,26:423
23,27:551
23,28:99
23,29:480
23,30:176
23,31:27
23,32:82
23,33:151
23,34:161
23,35:537
23,36:81
23,37:447
23,38:92
23,39:252
23,40:409
23,42:544
23,43:129
23,44:212
23,45:261
23,46:16
23,47:352
23,48:402
23,49:263
23,50:2
23,51:140
23,52:443
23,53:135
23,54:464
23,55:52
23,56:46
23,57:282
23,58:540
23,59:168
23,60:116
23,61:161
23,62:333
23,63:8
23,64:156
23,65:476
23,66:315
23,67:76
23,68:50
23,71:371
23,72:314
23,74:303
23,76:168
23,80:78
23,81:151
23,82:13
23,86:266
23,87:84
23,90:508
24,5:137
24,6:82
24,7:59
24,8:168
24,9:216
24,13:142
24,15:281
24,16:246
24,17:323
24,18:3
24,19:133
24,20:260
24,21:247
24,22:165
24,23:229
24,25:50
24,26:194
24,27:322
24,28:130
24,29:251
24,30:53
24,31:256
24,32:311
24,33:78
24,34:68
24,35:308
24,36:148
24,37:218
24,38:321
24,39:23
24,40:180
24,41:218
24,42:315
24,43:100
24,44:17
24,45:32
24,46:213
24,47:123
24,48:173
24,49:34
24,50:227
24,51:89
24,52:214
24,53:94
24,54:235
24,55:177
24,56:275
24,57:53
24,58:311
24,59:61
24,60:113
24,61:68
24,62:104
24,63:221
24,64:73
24,65:247
24,66:86
24,67:153
24,68:279
24,69:158
24,70:245
24,71:142
24,72:85
24,74:74
24,76:61
24,80:151
24,81:78
24,82:216
24,86:37
24,87:313
24,90:279
25,5:187
25,6:32
25,7:109
25,8:118
25,9:266
25,13:192
25,15:231
25,16:196
25,17:373
25,18:53
25,19:183
25,20:310
25,21:297
25,22:115
25,23:279
25,24:50
25,26:144
25,27:272
25,28:180
25,29:201
25,30:103
25,31:306
25,32:361
25,33:128
25,34:118
25,35:258
25,36:198
25,37:168
25,38:371
25,39:27
25,40:130
25,41:168
25,43:150
25,44:67
25,45:18
25,46:263
25,48:123
25,49:16
25,50:277
25,51:139
25,52:164
25,53:144
26,5:331
26,6:112
26,7:253
26,8:26
26,9:410
26,13:336
26,14:459
26,16:52
26,17:517
26,18:197
26,19:327
26,20:454
26,21:441
26,22:29
26,23:423
26,24:194
26,25:144
26,27:128
26,28:324
26,29:57
26,30:247
26,31:450
26,32:505
26,33:272
26,34:262
26,35:114
26,36:342
26,37:24
26,38:515
26,39:171
26,40:14
26,41:24
26,42:121
26,43:294
26,44:211
26,45:162
26,46:407
26,47:71
26,48:21
26,49:160
26,50:421
26,51:283
26,52:20
26,53:288
26,54:41
26,55:371
26,56:469
26,57:141
26,58:117
26,59:255
26,60:307
26,61:262
26,62:90
26,63:415
26,64:267
26,65:53
26,66:108
26,67:347
26,68:473
26,69:352
26,70:439
26,71:52
26,72:109
26,73:201
26,74:120
26,75:259
26,76:255
26,77:375
26,78:42
26,79:285
26,80:345
26,81:272
26,82:410
26,83:401
26,84:224
26,85:533
26,86:157
26,87:507
26,88:6
26,89:104
26,90:85
26,91:287
26,92:487
26,93:518
26,94:455
26,95:427
26,96:283
26,97:317
26,98:124
26,99:268
26,100:113
26,101:261
26,102:75
26,103:79
26,104:528
26,105:114
26,106:395
26,107:523
26,108:409
26,109:304
26,110:156
27,5:459
27,6:240
27,7:381
27,8:154
27,9:538
27,13:464
27,14:587
27,15:41
27,17:645
27,18:325
27,19:455
27,20:582
27,21:569
27,22:157
27,23:551
27,24:322
27,25:272
27,26:128
27,28:452
27,29:71
27,30:375
27,31:578
27,32:633
27,33:400
27,34:390
27,35:14
27,36:470
27,37:104
27,38:643
27,39:299
27,40:142
27,41:104
27,42:7
27,44:339
27,45:290
27,46:535
27,47:199
27,50:549
27,51:411
27,52:108
27,54:87
27,55:499
27,56:597
27,57:269
27,58:11
27,59:383
27,60:435
27,61:390
27,62:218
27,63:543
27,64:395
27,65:75
27,66:236
27,67:475
27,68:601
27,69:480
27,70:567
27,71:180
27,72:237
27,73:329
27,74:248
27,75:387
27,76:383
27,77:503
27,78:170
27,79:413
27,80:473
27,81:400
27,82:538
27,83:529
27,84:352
27,85:661
27,86:285
27,87:635
27,88:122
27,89:232
27,90:43
28,5:7
28,6:212
28,7:71
28,8:298
28,9:86
28,13:12
28,14:135
28,15:411
28,16:376
28,18:127
28,19:3
28,20:130
28,21:117
28,22:295
28,23:99
28,24:130
28,25:180
28,26:324
28,27:452
28,29:381
28,30:77
28,31:126
28,32:181
28,33:52
28,34:62
28,35:438
28,36:18
28,37:348
28,38:191
28,39:153
28,40:310
28,41:348
28,42:445
28,43:30
28,45:162
28,46:83
28,47:253
28,48:303
28,49:164
28,51:41
28,52:344
28,53:36
28,54:365
28,55:47
28,56:145
28,57:183
28,58:441
28,59:69
28,60:17
28,61:62
28,62:234
28,63:91
28,64:57
28,65:377
28,66:216
28,67:23
28,68:149
28,69:28
28,70:115
28,71:272
28,72:215
28,73:123
28,74:204
28,75:65
28,76:69
28,77:51
28,78:282
28,79:39
28,80:21
28,81:52
28,82:86
28,83:77
28,84:100
28,85:209
28,86:167
28,87:183
28,88:330
28,89:220
28,90:409
29,5:388
29,6:169
29,7:310
29,8:83
29,9:467
29,13:393
29,14:516
29,15:30
29,16:5
29,17:574
29,19:384
29,20:511
29,21:498
29,22:86
29,23:480
29,24:251
29,25:201
29,26:57
29,27:71
29,28:381
29,30:304
29,31:507
29,32:562
29,33:329
29,34:319
29,35:57
29,36:399
29,37:33
29,38:572
29,39:228
29,40:71
29,41:33
29,42:64
29,43:351
29,44:268
29,46:464
29,47:128
29,48:78
29,49:217
29,50:478
29,52:37
29,53:345
29,54:16
29,55:428
29,56:526
29,57:198
29,58:60
29,59:312
29,60:364
29,61:319
29,62:147
29,63:472
29,64:324
29,65:4
29,66:165
29,67:404
29,68:530
29,69:409
29,70:496
29,71:109
29,72:166
29,73:258
29,74:177
29,75:316
29,76:312
29,77:432
29,78:99
29,79:342
29,80:402
29,81:329
29,82:467
29,83:458
29,84:281
29,85:590
29,86:214
29,87:564
29,88:51
29,89:161
29,90:28
30,5:84
30,6:135
30,7:6
30,8:221
30,9:163
30,13:89
30,14:212
30,15:334
30,16:299
30,17:270
30,18:50
30,20:207
30,21:194
30,22:218
30,23:176
30,24:53
30,25:103
30,26:247
30,27:375
30,28:77
30,29:304
30,31:203
30,32:258
30,33:25
30,34:15
30,35:361
30,36:95
30,37:271
30,38:268
30,39:76
30,40:233
30,41:271
30,42:368
30,43:47
30,44:36
30,45:85
30,47:176
30,48:226
30,49:87
30,50:174
30,51:36
30,53:41
30,54:288
30,55:124
30,56:222
30,57:106
30,58:364
30,59:8
30,60:60
30,61:15
30,62:157
30,63:168
30,64:20
30,65:300
30,66:139
30,67:100
30,68:226
30,69:105
30,70:192
30,71:195
30,72:138
30,73:46
30,74:127
30,75:12
30,76:8
30,77:128
30,78:205
30,79:38
30,80:98
30,81:25
30,82:163
30,83:154
30,84:23
30,85:286
30,86:90
30,87:260
30,88:253
30,89:143
30,90:332
31,5:119
31,6:338
31,7:197
31,8:424
31,9:40
31,13:114
31,15:537
31,16:502
31,17:67
31,18:253
31,19:123
31,20:4
31,21:9
31,23:27
31,24:256
31,25:306
31,26:450
31,27:578
31,28:126
31,29:507
31,30:203
31,32:55
31,33:178
31,34:188
31,35:564
31,36:108
31,37:474
31,38:65
31,39:279
31,41:474
31,42:571
31,43:156
31,44:239
31,45:288
31,46:43
31,47:379
31,48:429
31,49:290
31,50:29
31,51:167
31,52:470
31,53:162
31,54:491
31,55:79
31,56:19
31,57:309
31,58:567
31,59:195
31,60:143
31,61:188
31,62:360
31,63:35
31,64:183
31,65:503
31,66:342
31,67:103
31,68:23
31,69:98
31,70:11
31,71:398
31,72:341
31,73:249
31,74:330
31,75:191
31,76:195
31,77:75
31,78:408
31,79:165
31,80:105
31,81:178
31,82:40
31,83:49
31,84:226
31,85:83
31,86:293
31,87:57
31,88:456
31,89:346
31,90:535
31,91:163
31,92:37
31,93:68
31,94:5
31,95:23
31,96:167
31,97:133
31,98:574
31,99:182
31,100:563
31,101:189
31,102:375
31,103:529
31,104:78
31,105:564
31,106:55
31,107:73
31,108:41
31,109:146
31,110:294
32,5:174
32,6:393
32,7:252
32,8:479
32,13:169
32,15:592
32,16:557
32,17:12
32,18:308
32,19:178
32,20:51
32,21:64
32,22:476
32,24:311
32,25:361
32,26:505
32,27:633
32,28:181
32,29:562
32,30:258
32,31:55
32,33:233
32,34:243
32,35:619
32,36:163
32,37:529
32,38:10
32,39:334
32,40:491
32,41:529
32,42:626
32,43:211
32,44:294
32,45:343
32,46:98
32,47:434
32,48:484
32,49:345
32,50:84
32,51:222
32,52:525
32,53:217
32,54:546
32,55:134
32,56:36
32,57:364
32,58:622
32,59:250
32,60:198
32,61:243
32,62:415
32,63:90
32,64:238
32,65:558
32,66:397
32,67:158
32,68:32
32,71:453
32,72:396
32,74:385
32,76:250
32,80:160
32,81:233
32,82:95
32,86:348
32,87:2
32,90:590
33,5:59
33,6:160
33,7:19
33,8:246
33,9:138
33,13:64
33,15:359
33,16:324
33,17:245
33,18:75
33,19:55
33,20:182
33,21:169
33,22:243
33,24:78
33,25:128
33,26:272
33,27:400
33,28:52
33,29:329
33,30:25
33,31:178
33,32:233
33,34:10
33,35:386
33,36:70
33,37:296
33,38:243
33,39:101
33,40:258
33,41:296
33,42:393
33,43:22
33,44:61
33,45:110
33,46:135
33,47:201
33,48:251
33,49:112
33,50:149
33,51:11
33,52:292
33,53:16
33,54:313
33,55:99
33,56:197
33,57:131
33,58:389
33,59:17
33,60:35
33,61:10
33,62:182
33,63:143
33,64:5
33,65:325
33,66:164
33,67:75
33,68:201
33,69:80
33,70:167
33,71:220
33,72:163
33,73:71
33,74:152
33,75:13
33,76:17
33,77:103
33,78:230
33,79:13
33,80:73
33,82:138
33,83:129
33,84:48
33,85:261
33,86:115
33,87:235
33,88:278
33,89:168
33,90:357
33,91:15
33,92:215
33,93:246
33,94:183
33,95:155
33,96:11
33,97:45
33,98:396
33,99:4
33,100:385
33,101:11
33,102:197
33,103:351
33,104:256
33,105:386
33,106:123
33,107:251
33,108:137
33,109:32
33,110:116
33,111:77
34,5:69
34,6:150
34,7:9
34,8:236
34,9:148
34,13:74
34,15:349
34,16:314
34,17:255
34,18:65
34,19:65
34,20:192
34,21:179
34,22:233
34,23:161
34,24:68
34,26:262
34,27:390
34,28:62
34,29:319
34,30:15
34,31:188
34,32:243
34,33:10
34,35:376
34,36:80
34,37:286
34,38:253
34,39:91
34,40:248
34,41:286
34,42:383
34,43:32
34,44:51
34,45:100
34,46:145
34,48:241
34,49:102
34,50:159
34,51:21
34,52:282
34,53:26
35,5:445
35,6:226
35,7:367
35,8:140
35,9:524
35,13:450
35,14:573
35,15:27
35,17:631
35,18:311
35,19:441
35,20:568
35,21:555
35,22:143
35,23:537
35,24:308
35,25:258
35,26:114
35,28:438
35,29:57
35,30:361
35,31:564
35,32:619
35,33:386
35,34:376
35,36:456
35,37:90
35,38:629
35,39:285
35,40:128
35,41:90
35,42:7
35,43:408
35,44:325
35,45:276
35,46:521
35,47:185
35,50:535
35,51:397
35,52:94
35,54:73
35,55:485
35,56:583
35,57:255
35,58:3
35,59:369
35,60:421
35,61:376
35,62:204
35,63:529
35,64:381
35,65:61
35,66:222
35,67:461
35,68:587
35,69:466
35,70:553
35,71:166
35,72:223
35,73:315
35,74:234
35,75:373
35,76:369
35,77:489
35,78:156
35,79:399
35,80:459
35,81:386
35,82:524
35,83:515
35,84:338
35,85:647
35,86:271
35,87:621
35,88:108
35,89:218
35,90:29
36,5:11
36,6:230
36,7:89
36,8:316
36,9:68
36,13:6
36,14:117
36,15:429
36,16:394
36,18:145
36,19:15
36,20:112
36,21:99
36,22:313
36,23:81
36,24:148
36,25:198
36,26:342
36,27:470
36,29:399
36,30:95
36,31:108
36,32:163
36,33:70
36,34:80
36,35:456
36,37:366
36,38:173
36,39:171
36,40:328
36,41:366
36,42:463
36,43:48
36,44:131
36,45:180
36,46:65
36,47:271
36,48:321
36,49:182
36,51:59
36,52:362
36,53:54
36,54:383
36,55:29
36,56:127
36,57:201
36,58:459
36,59:87
36,60:35
36,61:80
36,62:252
36,63:73
36,64:75
36,65:395
36,66:234
36,67:5
36,68:131
36,69:10
36,70:97
36,71:290
36,72:233
36,73:141
36,74:222
36,75:83
36,76:87
36,77:33
36,78:300
36,79:57
36,80:3
36,81:70
36,82:68
36,83:59
36,84:118
36,85:191
36,86:185
36,87:165
36,88:348
36,89:238
36,90:427
36,91:55
37,5:355
37,6:136
37,7:277
37,8:50
37,9:434
37,13:360
37,14:483
37,15:63
37,16:28
37,17:541
37,19:351
37,20:478
37,21:465
37,22:53
37,23:447
37,24:218
37,25:168
37,26:24
37,27:104
37,28:348
37,30:271
37,31:474
37,32:529
37,33:296
37,34:286
37,35:90
37,36:366
37,38:539
37,39:195
37,40:38
37,42:97
37,43:318
37,44:235
37,45:186
37,46:431
37,47:95
37,48:45
37,49:184
37,50:445
37,52:4
37,53:312
37,54:17
37,55:395
37,56:493
37,57:165
37,58:93
37,59:279
37,60:331
37,61:286
37,62:114
37,63:439
37,64:291
37,65:29
37,66:132
37,67:371
37,68:497
37,69:376
37,70:463
37,71:76
37,72:133
37,73:225
37,74:144
37,75:283
37,76:279
37,77:399
37,78:66
37,79:309
37,80:369
37,81:296
37,82:434
37,83:425
37,84:248
37,85:557
37,86:181
37,87:531
37,88:18
37,89:128
37,90:61
37,91:311
38,5:184
38,6:403
38,7:262
38,8:489
38,9:105
38,13:179
38,14:56
38,15:602
38,16:567
38,17:2
38,18:318
38,20:61
38,21:74
38,22:486
38,23:92
38,24:321
38,25:371
38,26:515
38,27:643
38,28:191
38,29:572
38,31:65
38,32:10
38,33:243
38,34:253
38,35:629
38,36:173
38,37:539
38,39:344
38,40:501
38,41:539
38,42:636
38,43:221
38,44:304
38,45:353
38,46:108
38,47:444
38,48:494
38,49:355
38,50:94
38,51:232
38,53:227
38,54:556
38,55:144
38,56:46
38,57:374
38,58:632
38,59:260
38,60:208
38,61:253
38,62:425
38,63:100
38,64:248
38,65:568
38,66:407
38,67:168
38,68:42
38,69:163
38,70:76
38,71:463
38,72:406
38,73:314
38,74:395
38,75:256
38,76:260
38,77:140
38,78:473
38,79:230
38,80:170
38,81:243
38,82:105
38,83:114
38,84:291
38,85:18
38,86:358
38,87:8
38,88:521
38,89:411
38,90:600
38,91:228
39,7:82
39,8:145
39,9:239
39,13:165
39,15:258
39,16:223
39,17:346
39,18:26
39,19:156
39,20:283
39,21:270
39,23:252
39,24:23
39,25:27
39,26:171
39,27:299
39,28:153
39,29:228
39,30:76
39,32:334
39,33:101
39,34:91
39,35:285
39,36:171
39,37:195
39,38:344
39,40:157
39,41:195
39,42:292
39,43:123
39,44:40
39,45:9
39,46:236
39,47:100
39,48:150
39,49:11
39,50:250
39,51:112
39,52:191
39,53:117
39,54:212
39,55:200
39,56:298
39,57:30
39,58:288
39,59:84
39,60:136
39,61:91
39,62:81
39,63:244
39,64:96
39,65:224
39,66:63
39,67:176
39,68:302
39,69:181
39,70:268
39,71:119
39,72:62
39,73:30
39,74:51
39,75:88
39,76:84
39,77:204
39,78:129
39,79:114
39,80:174
39,81:101
39,82:239
39,83:230
39,84:53
39,85:362
39,86:14
39,87:336
39,88:177
39,89:67
39,90:256
39,91:116
39,92:316
39,93:347
39,94:284
39,95:256
39,96:112
39,97:146
39,98:295
39,99:97
39,100:284
39,101:90
39,102:96
39,103:250
39,104:357
39,105:285
39,106:224
39,107:352
39,108:238
39,109:133
39,110:15
40,7:239
40,8:12
40,9:396
40,13:322
40,15:101
40,16:66
40,17:503
40,18:183
40,19:313
40,20:440
40,21:427
40,23:409
40,24:180
40,25:130
40,26:14
40,27:142
40,28:310
40,29:71
40,30:233
40,32:491
40,33:258
40,34:248
40,35:128
40,36:328
40,37:38
40,38:501
40,41:38
40,42:135
40,43:280
40,44:197
40,45:148
40,46:393
40,47:57
40,48:7
40,49:146
40,50:407
40,51:269
40,52:34
40,53:274
40,54:55
40,55:357
40,56:455
40,57:127
40,58:131
40,59:241
40,60:293
40,61:248
40,62:76
40,63:401
40,64:253
40,65:67
40,66:94
40,67:333
40,68:459
40,69:338
40,70:425
40,71:38
40,72:95
40,73:187
40,74:106
40,75:245
40,76:241
40,77:361
40,78:28
40,79:271
40,80:331
40,81:258
40,82:396
40,83:387
40,84:210
40,85:519
40,86:143
40,87:493
40,88:20
40,89:90
40,90:99
40,91:273
40,92:473
40,93:504
40,94:441
40,95:413
40,96:269
40,97:303
40,98:138
40,99:254
40,100:127
40,101:247
40,102:61
40,103:93
40,104:514
40,105:128
40,106:381
40,107:509
40,108:395
40,109:290
40,110:142
40,111:181
41,5:355
41,6:136
41,7:277
41,8:50
41,13:360
41,15:63
41,16:28
41,17:541
41,18:221
41,19:351
41,20:478
41,21:465
41,22:53
41,24:218
41,25:168
41,26:24
41,27:104
41,28:348
41,29:33
41,30:271
41,31:474
41,33:296
41,34:286
41,35:90
41,36:366
41,38:539
41,39:195
41,40:38
41,42:97
41,43:318
41,44:235
41,45:186
41,46:431
41,47:95
41,48:45
41,49:184
41,50:445
41,51:307
41,52:4
41,53:312
41,54:17
41,55:395
41,56:493
41,57:165
41,58:93
41,59:279
41,60:331
41,61:286
41,62:114
41,63:439
41,64:291
41,65:29
41,66:132
41,67:371
41,68:497
41,69:376
41,70:463
41,71:76
41,72:133
41,74:144
41,76:279
41,80:369
41,81:296
41,82:434
41,86:181
41,87:531
41,90:61
42,5:452
42,6:233
42,7:374
42,8:147
42,9:531
42,13:457
42,15:34
42,16:69
42,17:638
42,18:318
42,19:448
42,20:575
42,21:562
42,22:150
42,23:544
42,24:315
42,26:121
42,27:7
42,28:445
42,29:64
42,30:368
42,31:571
42,32:626
42,33:393
42,35:7
42,36:463
42,37:97
42,38:636
42,39:292
42,40:135
42,41:97
42,43:415
42,44:332
42,45:283
42,46:528
42,47:192
42,48:142
42,49:281
42,50:542
42,51:404
42,52:101
42,53:409
43,5:37
43,6:182
43,7:41
43,8:268
43,9:116
43,13:42
43,14:165
43,15:381
43,17:223
43,18:97
43,19:33
43,20:160
43,21:147
43,22:265
43,23:129
43,24:100
43,25:150
43,26:294
43,28:30
43,29:351
43,30:47
43,31:156
43,32:211
43,33:22
43,34:32
43,36:48
43,37:318
43,38:221
43,39:123
43,40:280
43,41:318
43,42:415
43,44:83
43,45:132
43,46:113
43,47:223
43,48:273
43,49:134
43,50:127
43,51:11
43,52:314
43,54:335
43,55:77
43,56:175
43,57:153
43,58:411
43,59:39
43,60:13
43,61:32
43,62:204
43,63:121
43,64:27
43,65:347
43,66:186
43,67:53
43,68:179
43,69:58
43,70:145
43,71:242
43,72:185
43,73:93
43,74:174
43,75:35
43,76:39
43,77:81
43,78:252
43,79:9
43,80:51
43,81:22
43,82:116
43,83:107
43,84:70
43,85:239
43,86:137
43,87:213
43,88:300
43,89:190
43,90:379
44,5:120
44,6:99
44,7:42
44,8:185
44,9:199
44,13:125
44,14:248
44,15:298
44,16:263
44,18:14
44,19:116
44,20:243
44,21:230
44,22:182
44,23:212
44,24:17
44,25:67
44,26:211
44,27:339
44,29:268
44,30:36
44,31:239
44,32:294
44,33:61
44,34:51
44,35:325
44,37:235
44,38:304
44,39:40
44,40:197
44,41:235
44,42:332
44,43:83
44,45:49
44,46:196
44,47:140
44,48:190
44,49:51
44,50:210
44,51:72
44,52:231
44,53:77
44,54:252
44,55:160
44,56:258
44,57:70
44,58:328
44,59:44
44,60:96
44,61:51
44,62:121
44,63:204
44,64:56
44,65:264
44,66:103
44,67:136
44,68:262
44,69:141
44,70:228
44,71:159
44,72:102
44,73:10
44,74:91
44,75:48
44,76:44
44,77:164
44,78:169
44,79:74
44,80:134
44,81:61
44,82:199
44,83:190
44,84:13
44,85:322
44,86:54
44,87:296
44,88:217
44,89:107
44,90:296
44,91:76
44,92:276
44,93:307
44,94:244
44,95:216
44,96:72
44,97:106
44,98:335
44,99:57
44,100:324
44,101:50
44,102:136
44,103:290
44,104:317
44,105:325
44,106:184
44,107:312
44,108:198
44,109:93
44,110:55
45,5:169
45,6:50
45,7:91
45,8:136
45,9:248
45,13:174
45,14:297
45,15:249
45,16:214
45,17:355
45,19:165
45,20:292
45,21:279
45,22:133
45,23:261
45,24:32
45,25:18
45,26:162
45,27:290
45,28:162
45,30:85
45,31:288
45,32:343
45,33:110
45,34:100
45,35:276
45,36:180
45,38:353
45,39:9
45,40:148
45,41:186
45,42:283
45,43:132
45,44:49
45,46:245
45,47:91
45,48:141
45,49:2
45,50:259
45,51:121
45,52:182
45,53:126
45,54:203
45,55:209
45,56:307
45,57:21
45,58:279
45,59:93
45,60:145
45,61:100
45,62:72
45,63:253
45,64:105
45,65:215
45,66:54
45,67:185
45,68:311
45,69:190
45,70:277
45,71:110
45,72:53
45,73:39
45,74:42
45,75:97
45,76:93
45,77:213
45,78:120
45,79:123
45,80:183
45,81:110
45,82:248
45,83:239
45,84:62
45,85:371
45,86:5
45,87:345
45,88:168
45,89:58
45,90:247
45,91:125
45,92:325
45,93:356
45,94:293
45,95:265
45,96:121
45,97:155
45,98:286
45,99:106
45,100:275
45,101:99
45,102:87
45,103:241
45,104:366
45,105:276
45,106:233
45,107:361
45,108:247
45,109:142
45,110:6
46,5:76
46,6:295
46,7:154
46,8:381
46,9:3
46,13:71
46,14:52
46,15:494
46,16:459
46,17:110
46,18:210
46,20:47
46,21:34
46,22:378
46,23:16
46,24:213
46,25:263
46,26:407
46,27:535
46,28:83
46,29:464
46,31:43
46,32:98
46,33:135
46,34:145
46,35:521
46,36:65
46,37:431
46,39:236
46,40:393
46,41:431
46,42:528
46,43:113
46,44:196
46,45:245
46,47:336
46,48:386
46,49:247
46,50:14
46,51:124
46,52:427
46,53:119
46,54:448
46,55:36
46,56:62
46,57:266
46,58:524
46,59:152
46,60:100
46,61:145
46,62:317
46,63:8
46,64:140
46,65:460
46,66:299
46,67:60
46,68:66
46,69:55
46,70:32
46,71:355
46,72:298
46,73:206
46,74:287
46,75:148
46,76:152
46,77:32
46,78:365
46,79:122
46,80:62
46,81:135
46,82:3
46,83:6
46,84:183
46,85:126
46,86:250
46,87:100
46,88:413
46,89:303
46,90:492
46,91:120
46,92:80
46,93:111
46,94:48
46,95:20
46,96:124
46,97:90
46,98:531
46,99:139
46,100:520
46,101:146
46,102:332
46,103:486
46,104:121
46,105:521
46,106:12
46,107:116
46,108:2
46,109:103
46,110:251
47,5:260
47,6:41
47,7:182
47,8:45
47,9:339
47,13:265
47,15:158
47,16:123
47,17:446
47,18:126
47,19:256
47,20:383
47,21:370
47,22:42
47,23:352
47,24:123
47,26:71
47,27:199
47,28:253
47,29:128
47,30:176
47,31:379
47,32:434
47,33:201
47,35:185
47,36:271
47,37:95
47,38:444
47,39:100
47,40:57
47,41:95
47,43:223
47,44:140
47,45:91
47,46:336
47,48:50
47,49:89
47,50:350
47,51:212
47,52:91
47,53:217
47,54:112
47,55:300
47,56:398
47,57:70
47,58:188
47,59:184
47,60:236
48,5:310
48,6:91
48,7:232
48,8:5
48,9:389
48,13:315
48,14:438
48,15:108
48,17:496
48,18:176
48,19:306
48,20:433
48,21:420
48,22:8
48,23:402
48,24:173
48,25:123
48,26:21
48,28:303
48,29:78
48,30:226
48,31:429
48,32:484
48,33:251
48,34:241
48,36:321
48,37:45
48,38:494
48,39:150
48,40:7
48,41:45
48,42:142
48,44:190
48,45:141
48,46:386
48,47:50
48,49:139
48,50:400
48,51:262
48,52:41
48,53:267
48,54:62
48,55:350
48,56:448
48,57:120
48,58:138
48,59:234
48,60:286
48,61:241
48,62:69
48,63:394
48,64:246
48,65:74
48,66:87
48,67:326
48,68:452
48,69:331
48,70:418
48,71:31
48,72:88
48,73:180
48,74:99
48,75:238
48,76:234
48,77:354
48,78:21
48,79:264
48,80:324
48,81:251
48,82:389
48,83:380
48,84:203
48,85:512
48,86:136
48,87:486
48,88:27
48,89:83
48,90:106
48,91:266
48,92:466
48,93:497
48,94:434
48,95:406
48,96:262
48,97:296
48,98:145
48,99:247
48,100:134
48,101:240
48,102:54
48,103:100
48,104:507
48,105:135
48,106:374
48,107:502
48,108:388
48,109:283
48,110:135
49,5:171
49,6:48
49,7:93
49,8:134
49,9:250
49,13:176
49,14:299
49,15:247
49,17:357
49,18:37
49,19:167
49,20:294
49,21:281
49,22:131
49,23:263
49,24:34
49,25:16
49,26:160
49,28:164
49,29:217
49,30:87
49,31:290
49,32:345
49,33:112
49,34:102
49,36:182
49,37:184
49,38:355
49,39:11
49,40:146
49,41:184
49,42:281
49,44:51
49,45:2
49,46:247
49,47:89
49,48:139
49,50:261
49,51:123
49,52:180
49,53:128
49,54:201
49,55:211
49,56:309
49,57:19
49,58:277
49,59:95
49,60:147
49,61:102
49,62:70
49,63:255
49,64:107
49,65:213
49,66:52
49,67:187
49,68:313
49,69:192
49,70:279
49,71:108
49,72:51
49,73:41
49,74:40
49,75:99
49,76:95
49,77:215
49,78:118
49,79:125
49,80:185
49,81:112
49,82:250
49,83:241
49,84:64
49,85:373
49,86:3
49,87:347
49,88:166
49,89:56
49,90:245
49,91:127
50,5:90
50,6:309
50,7:168
50,8:395
50,9:11
50,13:85
50,14:38
50,15:508
50,16:473
50,18:224
50,19:94
50,20:33
50,21:20
50,22:392
50,23:2
50,24:227
50,25:277
50,26:421
50,27:549
50,29:478
50,30:174
50,31:29
50,32:84
50,33:149
50,34:159
50,35:535
50,37:445
50,38:94
50,39:250
50,40:407
50,41:445
50,42:542
50,43:127
50,45:259
50,46:14
50,47:350
50,48:400
50,49:261
50,51:138
50,52:441
50,53:133
50,54:462
50,55:50
50,56:48
50,57:280
50,58:538
50,59:166
50,60:114
50,61:159
50,62:331
50,63:6
50,64:154
50,65:474
50,66:313
50,67:74
50,68:52
50,69:69
50,70:18
50,71:369
50,72:312
50,73:220
50,74:301
50,75:162
50,76:166
50,77:46
50,78:379
50,79:136
50,80:76
50,81:149
50,82:11
50,83:20
50,84:197
50,85:112
50,86:264
50,87:86
50,88:427
50,89:317
50,90:506
50,91:134
50,92:66
50,93:97
50,94:34
50,95:6
50,96:138
50,97:104
50,98:545
50,99:153
50,100:534
50,101:160
50,102:346
50,103:500
50,104:107
50,105:535
50,106:26
50,107:102
50,108:12
50,109:117
50,110:265
50,111:226
51,5:48
51,6:171
51,7:30
51,8:257
51,9:127
51,13:53
51,14:176
51,15:370
51,16:335
51,17:234
51,19:44
51,20:171
51,21:158
51,22:254
51,23:140
51,24:89
51,25:139
51,26:283
51,27:411
51,28:41
51,30:36
51,31:167
51,32:222
51,33:11
51,34:21
51,35:397
51,36:59
51,38:232
51,39:112
51,40:269
51,41:307
51,42:404
51,43:11
51,44:72
51,46:124
51,47:212
51,48:262
51,49:123
51,50:138
51,52:303
51,53:5
51,54:324
51,55:88
51,56:186
51,57:142
51,58:400
51,59:28
51,60:24
51,61:21
51,62:193
51,63:132
51,64:16
51,65:336
51,66:175
51,67:64
51,68:190
51,69:69
51,70:156
51,71:231
51,72:174
51,73:82
51,74:163
51,75:24
51,76:28
51,77:92
51,78:241
51,79:2
51,80:62
51,81:11
51,82:127
51,83:118
51,84:59
51,85:250
51,86:126
51,87:224
51,88:289
51,89:179
51,90:368
51,91:4
51,92:204
51,93:235
51,94:172
51,95:144
51,97:34
51,98:407
51,99:15
51,100:396
51,101:22
51,102:208
51,103:362
51,104:245
51,105:397
51,106:112
51,107:240
51,108:126
51,109:21
51,110:127
51,111:88
52,5:351
52,6:132
52,7:273
52,8:46
52,9:430
52,13:356
52,14:479
52,15:67
52,16:32
52,17:537
52,18:217
52,20:474
52,21:461
52,22:49
52,23:443
52,24:214
52,25:164
52,26:20
52,27:108
52,28:344
52,29:37
52,31:470
52,32:525
52,33:292
52,34:282
52,35:94
52,36:362
52,37:4
52,39:191
52,40:34
52,41:4
52,42:101
52,43:314
52,44:231
52,45:182
52,47:91
52,48:41
52,49:180
52,50:441
52,51:303
52,53:308
52,54:21
52,55:391
52,56:489
52,57:161
52,58:97
52,59:275
52,60:327
52,61:282
52,62:110
52,63:435
52,64:287
52,65:33
52,66:128
52,67:367
52,68:493
52,69:372
52,70:459
52,71:72
52,72:129
52,73:221
52,74:140
52,75:279
52,76:275
52,77:395
52,78:62
52,79:305
52,80:365
52,81:292
52,82:430
52,83:421
52,84:244
52,85:553
52,86:177
52,87:527
52,88:14
52,89:124
52,90:65
52,91:307
52,92:507
52,93:538
52,94:475
52,95:447
52,96:303
52,97:337
52,98:104
52,99:288
52,100:93
52,101:281
52,102:95
52,103:59
52,104:548
52,105:94
52,106:415
52,107:543
52,108:429
52,109:324
52,110:176
52,111:215
53,5:43
53,6:176
53,7:35
53,8:262
53,9:122
53,13:48
53,14:171
53,15:375
53,17:229
53,18:91
53,19:39
53,20:166
53,21:153
53,22:259
53,23:135
53,24:94
53,25:144
53,26:288
53,28:36
53,29:345
53,30:41
53,31:162
53,32:217
53,33:16
53,34:26
53,36:54
53,37:312
53,38:227
53,39:117
53,40:274
53,41:312
53,42:409
53,44:77
53,45:126
53,46:119
53,47:217
53,49:128
53,50:133
53,51:5
53,52:308
53,54:329
53,55:83
53,56:181
53,57:147
53,58:405
53,59:33
53,60:19
53,61:26
53,62:198
53,63:127
53,64:21
53,65:341
53,66:180
53,67:59
53,68:185
53,69:64
53,70:151
53,71:236
53,72:179
53,73:87
53,74:168
53,75:29
53,76:33
53,77:87
53,78:246
53,79:3
53,80:57
53,81:16
53,82:122
53,83:113
53,84:64
53,85:245
53,86:131
53,87:219
53,88:294
53,89:184
53,90:373
53,91:1
53,92:199
53,93:230
53,94:167
53,95:139
53,96:5
53,97:29
53,98:412
53,99:20
53,100:401
53,101:27
53,102:213
53,103:367
53,104:240
53,105:402
53,106:107
53,107:235
53,108:121
53,109:16
53,110:132
53,111:93
54,5:372
54,6:153
54,7:294
54,8:67
54,9:451
54,13:377
54,15:46
54,16:11
54,17:558
54,18:238
54,19:368
54,20:495
54,21:482
54,22:70
54,23:464
54,24:235
54,26:41
54,27:87
54,28:365
54,29:16
54,30:288
54,31:491
54,32:546
54,33:313
54,35:73
54,36:383
54,37:17
54,38:556
54,39:212
54,40:55
54,41:17
54,43:335
54,44:252
54,45:203
54,46:448
54,48:62
54,49:201
54,50:462
54,51:324
54,52:21
54,53:329
54,55:412
54,56:510
54,57:182
54,58:76
54,59:296
54,60:348
54,61:303
54,62:131
54,63:456
54,64:308
54,65:12
54,66:149
54,67:388
54,68:514
54,69:393
54,70:480
54,71:93
54,72:150
54,74:161
54,76:296
54,80:386
54,81:313
54,82:451
54,86:198
54,87:548
54,90:44
55,5:40
55,6:259
55,7:118
55,8:345
55,9:39
55,13:35
55,15:458
55,16:423
55,17:146
55,18:174
55,19:44
55,20:83
55,21:70
55,22:342
55,23:52
55,24:177
55,26:371
55,27:499
55,28:47
55,29:428
55,30:124
55,31:79
55,32:134
55,33:99
55,35:485
55,36:29
55,37:395
55,38:144
55,39:200
55,40:357
55,41:395
55,43:77
55,44:160
55,45:209
55,46:36
55,48:350
55,49:211
55,50:50
55,51:88
55,52:391
55,53:83
55,54:412
55,56:98
55,57:230
55,58:488
55,59:116
55,60:64
55,61:109
55,62:281
55,63:44
55,64:104
55,65:424
55,66:263
55,67:24
55,68:102
55,72:262
55,74:251
55,76:116
55,80:26
55,81:99
55,82:39
55,86:214
55,87:136
55,90:456
56,5:138
56,6:357
56,7:216
56,8:443
56,9:59
56,13:133
56,15:556
56,16:521
56,17:48
56,18:272
56,19:142
56,20:15
56,21:28
56,22:440
56,23:46
56,24:275
56,26:469
56,27:597
56,28:145
56,29:526
56,30:222
56,31:19
56,32:36
56,33:197
56,35:583
56,36:127
56,37:493
56,38:46
56,39:298
56,40:455
