<number of tasks>
111

<cycle time>
8356

<task times>
1 1960
2 1715
3 735
4 1715
5 490
6 1225
7 169
8 2252
9 1225
10 2319
11 1715
12 980
13 735
14 2281
15 2750
16 77
17 89
18 51
19 364
20 405
21 3060
22 125
23 3429
24 43
25 3430
26 1960
27 29
28 27
29 15
30 121
31 1715
32 2127
33 1470
34 4037
35 68
36 62
37 42
38 364
39 4998
40 1470
41 2963
42 5689
43 68
44 18
45 10
46 81
47 5200
48 39
49 67
50 27
51 15
52 121
53 58
54 1715
55 125
56 4010
57 1470
58 1470
59 2303
60 1960
61 2205
62 4018
63 2744
64 2999
65 735
66 735
67 735
68 735
69 545
70 3386
71 3234
72 2205
73 2206
74 490
75 825
76 3528
77 3568
78 1200
79 618
80 1470
81 1715
82 735
83 1960
84 2889
85 618
86 490
87 735
88 490
89 921
90 326
91 5390
92 243
93 371
94 58
95 5059
96 1225
97 769
98 768
99 1670
100 1670
101 490
102 202
103 203
104 202
105 2744
106 162
107 324
108 162
109 121
110 162
111 91

<precedence relations>
1,2
2,3
3,4
4,5
4,6
4,7
4,8
4,9
4,10
5,39
6,39
7,83
8,71
9,32
10,11
10,12
11,13
11,14
11,15
11,16
11,17
11,18
11,19
11,20
11,21
12,13
12,14
12,15
12,16
12,17
12,18
12,19
12,20
12,21
13,71
14,22
14,23
14,24
14,25
15,26
16,27
17,28
18,29
19,30
20,91
21,111
22,31
22,83
23,32
23,33
24,69
24,70
25,34
26,82
27,35
28,36
29,37
30,38
31,39
32,41
33,111
34,42
35,43
36,44
36,91
37,45
37,91
38,46
38,91
39,40
40,111
41,69
41,70
42,47
43,48
43,49
44,50
45,51
46,52
47,54
47,55
47,56
47,57
47,58
47,59
47,60
48,53
49,91
50,111
51,111
52,111
53,111
54,69
54,70
55,61
55,62
55,63
56,63
56,64
57,65
57,91
58,66
58,91
59,67
59,91
60,68
60,91
61,69
61,70
62,71
63,111
64,72
65,111
66,111
67,111
68,111
69,77
69,78
70,73
71,91
72,74
73,75
74,76
75,77
75,78
75,79
76,80
76,81
76,82
77,83
78,84
79,85
80,86
80,91
81,87
81,91
82,111
83,91
84,88
84,89
84,91
85,111
86,111
87,90
88,105
89,105
90,111
91,92
91,93
91,94
92,95
93,95
94,95
95,96
95,97
95,98
95,99
95,100
95,104
96,101
97,102
98,103
99,111
100,111
101,105
102,106
102,107
103,107
103,108
104,111
105,111
106,109
107,111
108,110
109,111
110,111

<setup times forward>
1,2:137
2,3:190
3,4:100
4,5:15
4,6:124
4,7:53
4,8:167
4,9:25
4,10:98
5,6:109
5,7:38
5,8:152
5,9:40
5,10:83
5,11:186
5,12:52
5,13:3
5,14:64
5,15:208
5,16:191
5,17:93
5,18:67
5,19:2
5,20:62
5,21:55
5,22:151
5,23:46
5,24:68
5,25:93
5,26:165
5,27:229
5,28:3
5,29:194
5,30:42
5,31:60
5,32:87
5,33:29
5,34:34
5,35:222
5,36:6
5,37:177
5,38:92
5,39:79
5,41:177
5,42:225
5,43:18
5,44:59
5,45:84
5,46:38
5,47:129
5,48:154
5,49:85
5,50:45
5,51:24
5,52:175
5,53:21
5,54:185
5,55:20
5,56:69
5,57:94
5,58:223
5,59:37
5,60:12
5,61:34
5,62:120
5,63:42
5,64:32
5,65:191
5,66:111
5,67:8
5,68:71
5,69:11
5,70:55
5,71:139
5,72:111
5,73:64
5,74:105
5,75:36
5,76:38
5,77:22
5,78:144
5,79:23
5,80:7
5,81:29
5,82:40
5,83:35
5,84:53
5,85:101
5,86:86
5,87:88
5,88:168
5,89:113
5,90:207
5,91:22
5,92:78
5,93:94
5,94:62
5,95:49
5,96:24
5,97:7
5,98:227
5,99:31
5,100:221
5,101:35
5,102:127
5,103:204
5,104:99
5,105:222
5,106:32
5,107:96
5,108:39
5,109:13
5,110:87
6,5:109
6,7:71
6,8:43
6,9:149
6,10:26
6,11:77
6,12:57
6,13:112
6,14:173
6,15:99
6,16:82
6,17:202
6,18:42
6,19:107
6,20:171
6,21:164
6,22:42
6,23:155
6,24:41
6,25:16
6,26:56
6,27:120
6,28:106
6,29:85
6,30:67
6,31:169
6,32:196
6,33:80
6,34:75
6,35:113
6,36:115
6,37:68
6,38:201
6,39:30
6,41:68
6,42:116
6,43:91
6,44:50
6,45:25
6,46:147
6,47:20
6,48:45
6,49:24
6,50:154
6,51:85
6,52:66
6,53:88
6,54:76
6,55:129
6,56:178
6,57:15
6,58:114
6,59:72
6,60:97
6,61:75
6,62:11
6,63:151
6,64:77
6,65:82
6,66:2
6,67:117
6,68:180
6,69:120
6,70:164
6,71:30
6,72:2
6,73:45
6,74:4
6,75:73
6,76:71
6,77:131
6,78:35
6,79:86
6,80:116
6,81:80
6,82:149
6,83:144
6,84:56
6,85:210
6,86:23
6,87:197
6,88:59
6,89:4
6,90:98
6,91:87
6,92:187
6,93:203
6,94:171
6,95:158
6,96:85
6,97:102
6,98:118
6,99:78
6,100:112
6,101:74
6,102:18
6,103:95
6,104:208
6,105:113
6,106:141
6,107:205
6,108:148
6,109:96
6,110:22
7,5:38
7,6:71
7,8:114
7,9:78
7,10:45
7,11:148
7,12:14
7,13:41
7,14:102
7,15:170
7,16:153
7,17:131
7,18:29
7,19:36
7,20:100
7,21:93
7,22:113
7,23:84
7,24:30
7,25:55
7,26:127
7,27:191
7,28:35
7,29:156
7,30:4
7,31:98
7,32:125
7,33:9
7,34:4
7,35:184
7,36:44
7,37:139
7,38:130
7,39:41
7,40:120
7,41:139
7,42:187
7,43:20
7,44:21
7,45:46
7,46:76
7,47:91
7,48:116
7,49:47
7,50:83
7,51:14
7,52:137
7,53:17
7,54:147
7,55:58
7,56:107
7,57:56
7,58:185
7,59:1
7,60:26
7,61:4
7,62:82
7,63:80
7,64:6
7,65:153
7,66:73
7,67:46
7,68:109
7,69:49
7,70:93
7,71:101
7,72:73
7,73:26
7,74:67
7,75:2
7,77:60
7,78:106
7,79:15
7,80:45
7,81:9
7,82:78
7,83:73
7,84:15
7,85:139
7,86:48
7,87:126
7,88:130
7,89:75
7,90:169
8,5:152
8,6:43
8,7:114
8,9:192
8,10:69
8,11:34
8,12:100
8,13:155
8,14:216
8,15:56
8,16:39
8,17:245
8,18:85
8,19:150
8,20:214
8,21:207
8,22:1
8,23:198
8,24:84
8,25:59
8,26:13
8,27:77
8,28:149
8,29:42
8,30:110
8,31:212
8,32:239
8,33:123
8,34:118
8,35:70
8,36:158
8,37:25
8,38:244
8,39:73
8,40:6
8,41:25
8,42:73
8,43:134
8,44:93
8,45:68
8,46:190
8,47:23
8,48:2
8,49:67
8,50:197
8,51:128
8,52:23
8,53:131
8,54:33
8,55:172
8,56:221
8,57:58
8,58:71
8,59:115
8,60:140
8,61:118
8,62:32
8,63:194
8,64:120
8,65:39
8,66:41
8,67:160
8,68:223
8,69:163
8,70:207
8,71:13
8,72:41
8,73:88
8,74:47
8,75:116
8,76:114
8,77:174
8,78:8
8,79:129
8,80:159
8,81:123
8,82:192
8,83:187
8,84:99
8,85:253
8,86:66
8,87:240
8,88:16
8,89:39
8,90:55
9,5:40
9,6:149
9,7:78
9,8:192
9,10:123
9,11:226
9,12:92
9,13:37
9,14:24
9,15:248
9,16:231
9,17:53
9,18:107
9,19:42
9,20:22
9,21:15
9,22:191
9,23:6
9,24:108
9,25:133
9,26:205
9,27:269
9,28:43
9,29:234
9,30:82
9,31:20
9,32:47
9,33:69
9,34:74
9,35:262
9,36:34
9,37:217
9,38:52
9,39:119
9,40:198
9,42:265
9,43:58
9,44:99
9,45:124
9,46:2
9,47:169
9,48:194
9,49:125
9,50:5
9,51:64
9,52:215
9,53:61
9,54:225
9,55:20
9,56:29
9,57:134
9,58:263
9,59:77
9,60:52
9,61:74
9,62:160
9,63:2
9,64:72
9,65:231
9,66:151
9,67:32
9,68:31
9,71:179
9,72:151
9,74:145
9,76:78
9,80:33
9,81:69
9,86:126
9,87:48
9,90:247
10,5:83
10,6:26
10,7:45
10,8:69
10,9:123
10,11:103
10,12:31
11,5:186
11,6:77
11,7:148
11,8:34
11,9:226
11,12:134
11,13:189
11,14:250
11,15:22
11,16:5
11,17:279
11,18:119
11,19:184
11,20:248
11,21:241
12,5:52
12,6:57
12,7:14
12,8:100
12,9:92
12,11:134
12,13:55
12,14:116
12,15:156
12,16:139
12,17:145
12,18:15
12,19:50
12,20:114
12,21:107
13,5:3
13,6:112
13,7:41
13,8:155
13,9:37
13,14:61
13,15:211
13,16:194
13,17:90
13,18:70
13,19:5
13,20:59
13,21:52
13,22:154
13,23:43
13,24:71
13,25:96
13,26:168
13,27:232
13,28:6
13,29:197
13,30:45
13,31:57
13,32:84
13,33:32
13,34:37
13,35:225
13,36:3
13,37:180
13,38:89
13,39:82
13,40:161
13,41:180
13,42:228
13,43:21
13,44:62
13,45:87
13,46:35
13,47:132
13,48:157
13,49:88
13,50:42
13,51:27
13,52:178
13,53:24
13,54:188
13,55:17
13,56:66
13,57:97
13,58:226
13,59:40
13,60:15
13,61:37
13,62:123
13,63:39
13,64:35
13,65:194
13,66:114
13,67:5
13,68:68
13,69:8
13,70:52
13,71:142
13,72:114
13,73:67
13,74:108
13,75:39
13,76:41
13,77:19
13,78:147
13,79:26
13,80:4
13,81:32
13,82:37
13,83:32
13,84:56
13,85:98
13,86:89
13,87:85
13,88:171
13,89:116
13,90:210
14,5:64
14,6:173
14,7:102
14,8:216
14,9:24
14,13:61
14,15:272
14,16:255
14,17:29
14,18:131
14,19:66
14,20:2
14,21:9
14,22:215
14,23:18
14,24:132
14,25:157
14,26:229
14,27:293
14,28:67
14,29:258
14,30:106
14,35:286
14,36:58
14,37:241
14,38:28
14,43:82
14,44:123
14,45:148
14,46:26
14,48:218
14,49:149
14,50:19
14,51:88
14,52:239
14,53:85
15,5:208
15,6:99
15,7:170
15,8:56
15,9:248
15,13:211
15,14:272
15,16:17
15,17:301
15,18:141
15,19:206
15,20:270
15,21:263
15,22:57
15,23:254
15,24:140
15,25:115
15,26:43
15,27:21
15,28:205
15,29:14
15,30:166
15,31:268
15,32:295
15,33:179
15,34:174
15,35:14
15,36:214
15,37:31
15,38:300
15,39:129
15,40:50
15,41:31
15,42:17
15,43:190
15,44:149
15,45:124
15,46:246
15,47:79
15,48:54
15,49:123
15,50:253
15,51:184
15,52:33
15,53:187
15,54:23
15,55:228
15,56:277
15,57:114
15,58:15
15,59:171
15,60:196
15,61:174
15,62:88
15,63:250
15,64:176
15,65:17
15,66:97
15,67:216
15,68:279
15,69:219
15,70:263
15,71:69
15,72:97
15,73:144
15,74:103
15,75:172
15,76:170
15,77:230
15,78:64
15,79:185
15,80:215
15,81:179
15,83:243
15,84:155
15,85:309
15,86:122
15,87:296
15,88:40
15,89:95
15,90:1
15,91:186
15,92:286
15,93:302
15,94:270
15,95:257
15,96:184
15,97:201
15,98:19
15,99:177
15,100:13
15,101:173
15,102:81
15,103:4
15,104:307
15,105:14
15,106:240
15,107:304
15,108:247
15,109:195
15,110:121
16,5:191
16,6:82
16,7:153
16,8:39
16,9:231
16,13:194
16,14:255
16,15:17
16,17:284
16,18:124
16,19:189
16,20:253
16,21:246
16,22:40
16,23:237
16,24:123
16,25:98
16,26:26
16,27:38
16,28:188
16,29:3
16,30:149
16,31:251
16,32:278
16,33:162
16,34:157
16,36:197
16,37:14
16,38:283
16,39:112
16,40:33
16,41:14
16,42:34
16,44:132
16,45:107
16,46:229
16,47:62
16,50:236
16,51:167
16,52:16
16,54:6
16,55:211
16,56:260
16,57:97
16,58:32
16,59:154
16,60:179
16,61:157
16,62:71
16,63:233
16,64:159
16,66:80
16,67:199
16,68:262
16,69:202
16,70:246
16,71:52
16,72:80
16,73:127
16,74:86
16,75:155
16,76:153
16,77:213
16,78:47
16,79:168
16,80:198
16,81:162
16,82:231
16,83:226
16,84:138
16,85:292
16,86:105
16,87:279
16,88:23
16,89:78
16,90:16
17,5:93
17,6:202
17,7:131
17,8:245
17,9:53
17,13:90
17,14:29
17,15:301
17,16:284
17,18:160
17,19:95
17,20:31
17,21:38
17,22:244
17,23:47
17,24:161
17,25:186
17,26:258
17,27:322
17,28:96
17,29:287
17,30:135
17,31:33
17,32:6
17,33:122
17,34:127
17,35:315
17,37:270
17,38:1
17,39:172
17,40:251
17,41:270
17,42:318
17,43:111
17,45:177
17,46:55
17,47:222
17,48:247
17,49:178
17,51:117
17,52:268
17,53:114
17,54:278
17,55:73
17,56:24
17,57:187
17,58:316
17,59:130
17,60:105
17,61:127
17,62:213
17,63:51
17,64:125
17,65:284
17,66:204
17,67:85
17,68:22
17,69:82
17,70:38
17,71:232
17,72:204
17,73:157
17,74:198
17,75:129
17,76:131
17,77:71
17,78:237
17,79:116
17,80:86
17,81:122
17,82:53
17,83:58
17,84:146
17,85:8
17,86:179
17,87:5
17,88:261
17,89:206
17,90:300
18,5:67
18,6:42
18,7:29
18,8:85
18,9:107
18,13:70
18,14:131
18,15:141
18,16:124
18,17:160
18,19:65
18,20:129
18,21:122
18,22:84
18,23:113
18,24:1
18,25:26
18,26:98
18,27:162
18,28:64
18,29:127
18,30:25
18,31:127
18,32:154
18,33:38
18,34:33
18,35:155
18,36:73
18,38:159
18,39:12
18,40:91
18,41:110
18,42:158
18,43:49
18,44:8
18,46:105
18,47:62
18,48:87
18,49:18
18,50:112
18,52:108
18,53:46
18,54:118
18,55:87
18,56:136
18,57:27
18,58:156
18,59:30
18,60:55
18,61:33
18,62:53
18,63:109
18,64:35
18,65:124
18,66:44
18,67:75
18,68:138
18,69:78
18,70:122
18,71:72
18,72:44
18,73:3
18,74:38
18,75:31
18,76:29
18,77:89
18,78:77
18,79:44
18,80:74
18,81:38
18,82:107
18,83:102
18,84:14
18,85:168
18,86:19
18,87:155
18,88:101
18,89:46
18,90:140
19,5:2
19,6:107
19,7:36
19,8:150
19,9:42
19,13:5
19,14:66
19,15:206
19,16:189
19,17:95
19,18:65
19,20:64
19,21:57
19,22:149
19,23:48
19,24:66
19,25:91
19,26:163
19,27:227
19,28:1
19,29:192
19,30:40
19,31:62
19,32:89
19,33:27
19,34:32
19,35:220
19,36:8
19,37:175
19,39:77
19,40:156
19,41:175
19,42:223
19,43:16
19,44:57
19,45:82
19,47:127
19,48:152
19,49:83
19,50:47
19,51:22
19,53:19
19,54:183
19,55:22
19,56:71
19,57:92
19,58:221
19,59:35
19,60:10
19,61:32
19,62:118
19,63:44
19,64:30
19,65:189
19,66:109
19,67:10
19,68:73
19,69:13
19,70:57
19,71:137
19,72:109
19,73:62
19,74:103
19,75:34
19,76:36
19,77:24
19,78:142
19,79:21
19,80:9
19,81:27
19,82:42
19,83:37
19,84:51
19,85:103
19,86:84
19,87:90
19,88:166
19,89:111
19,90:205
20,5:62
20,6:171
20,7:100
20,8:214
20,9:22
20,13:59
20,14:2
20,15:270
20,16:253
20,17:31
20,18:129
20,19:64
20,21:7
20,22:213
20,23:16
20,24:130
20,25:155
20,26:227
20,27:291
20,28:65
20,29:256
20,30:104
20,31:2
20,32:25
20,33:91
20,34:96
20,35:284
20,36:56
20,37:239
20,38:30
20,39:141
20,40:220
20,41:239
20,42:287
20,43:80
20,44:121
20,45:146
20,46:24
20,47:191
20,48:216
20,49:147
20,50:17
20,51:86
20,52:237
20,53:83
20,54:247
20,55:42
20,56:7
20,57:156
20,58:285
20,59:99
20,60:74
20,61:96
20,62:182
20,63:20
20,64:94
20,65:253
20,66:173
20,67:54
20,68:9
20,69:51
20,70:7
20,71:201
20,72:173
20,73:126
20,74:167
20,75:98
20,76:100
20,77:40
20,78:206
20,79:85
20,80:55
20,81:91
20,82:22
20,83:27
20,84:115
20,85:39
20,86:148
20,87:26
20,88:230
20,89:175
20,90:269
20,91:84
21,5:55
21,6:164
21,7:93
21,8:207
21,9:15
21,13:52
21,14:9
21,15:263
21,16:246
21,17:38
21,18:122
21,19:57
21,20:7
21,22:206
21,23:9
21,24:123
21,25:148
21,26:220
21,27:284
21,28:58
21,29:249
21,30:97
21,31:5
21,32:32
21,33:84
21,34:89
21,35:277
21,36:49
21,37:232
21,38:37
21,39:134
21,40:213
21,41:232
21,42:280
21,43:73
21,44:114
21,45:139
21,46:17
21,47:184
21,48:209
21,49:140
21,50:10
21,51:79
21,52:230
21,53:76
21,54:240
21,55:35
21,56:14
21,57:149
21,58:278
21,59:92
21,60:67
21,61:89
21,62:175
21,63:13
21,64:87
21,65:246
21,66:166
21,67:47
21,68:16
21,69:44
21,71:194
21,72:166
21,73:119
21,74:160
21,75:91
21,76:93
21,77:33
21,78:199
21,79:78
21,80:48
21,81:84
21,82:15
21,83:20
21,84:108
21,85:46
21,86:141
21,87:33
21,88:223
21,89:168
21,90:262
21,91:77
21,92:23
21,93:39
21,94:7
21,95:6
21,96:79
21,97:62
21,98:282
21,99:86
21,100:276
21,101:90
21,102:182
21,103:259
21,104:44
21,105:277
21,106:23
21,107:41
21,108:16
21,109:68
21,110:142
21,111:122
22,5:151
22,6:42
22,7:113
22,8:1
22,9:191
22,13:154
22,15:57
22,16:40
22,17:244
22,18:84
22,19:149
22,20:213
22,21:206
22,23:197
22,24:83
22,25:58
22,26:14
22,27:78
22,28:148
22,29:43
22,30:109
22,31:211
22,32:238
22,33:122
22,34:117
22,35:71
22,36:157
22,37:26
22,38:243
22,41:26
22,42:74
22,43:133
22,44:92
22,45:67
22,46:189
22,47:22
22,48:3
22,49:66
22,50:196
22,51:127
22,52:24
22,53:130
22,54:34
22,55:171
22,56:220
22,57:57
22,58:72
22,59:114
22,60:139
22,61:117
22,62:31
22,63:193
22,64:119
22,65:40
22,66:40
22,67:159
22,68:222
22,69:162
22,70:206
22,71:12
22,72:40
22,73:87
22,74:46
22,75:115
22,76:113
22,77:173
22,78:7
22,79:128
22,80:158
22,81:122
22,82:191
22,83:186
22,84:98
22,85:252
22,86:65
22,87:239
22,88:17
22,89:38
22,90:56
23,5:46
23,6:155
23,7:84
23,8:198
23,9:6
23,13:43
23,15:254
23,16:237
23,17:47
23,18:113
23,19:48
23,20:16
23,21:9
23,22:197
23,24:114
23,25:139
23,26:211
23,27:275
23,28:49
23,29:240
23,30:88
23,31:14
23,32:41
23,33:75
23,34:80
23,35:268
23,36:40
23,37:223
23,38:46
23,39:125
23,40:204
23,42:271
23,43:64
23,44:105
23,45:130
23,46:8
23,47:175
23,48:200
23,49:131
23,50:1
23,51:70
23,52:221
23,53:67
23,54:231
23,55:26
23,56:23
23,57:140
23,58:269
23,59:83
23,60:58
23,61:80
23,62:166
23,63:4
23,64:78
23,65:237
23,66:157
23,67:38
23,68:25
23,71:185
23,72:157
23,74:151
23,76:84
23,80:39
23,81:75
23,82:6
23,86:132
23,87:42
23,90:253
24,5:68
24,6:41
24,7:30
24,8:84
24,9:108
24,13:71
24,15:140
24,16:123
24,17:161
24,18:1
24,19:66
24,20:130
24,21:123
24,22:83
24,23:114
24,25:25
24,26:97
24,27:161
24,28:65
24,29:126
24,30:26
24,31:128
24,32:155
24,33:39
24,34:34
24,35:154
24,36:74
24,37:109
24,38:160
24,39:11
24,40:90
24,41:109
24,42:157
24,43:50
24,44:9
24,45:16
24,46:106
24,47:61
24,48:86
24,49:17
24,50:113
24,51:44
24,52:107
24,53:47
24,54:117
24,55:88
24,56:137
24,57:26
24,58:155
24,59:31
24,60:56
24,61:34
24,62:52
24,63:110
24,64:36
24,65:123
24,66:43
24,67:76
24,68:139
24,69:79
24,70:123
24,71:71
24,72:43
24,74:37
24,76:30
24,80:75
24,81:39
24,82:108
24,86:18
24,87:156
24,90:139
25,5:93
25,6:16
25,7:55
25,8:59
25,9:133
25,13:96
25,15:115
25,16:98
25,17:186
25,18:26
25,19:91
25,20:155
25,21:148
25,22:58
25,23:139
25,24:25
25,26:72
25,27:136
25,28:90
25,29:101
25,30:51
25,31:153
25,32:180
25,33:64
25,34:59
25,35:129
25,36:99
25,37:84
25,38:185
25,39:14
25,40:65
25,41:84
25,43:75
25,44:34
25,45:9
25,46:131
25,48:61
25,49:8
25,50:138
25,51:69
25,52:82
25,53:72
26,5:165
26,6:56
26,7:127
26,8:13
26,9:205
26,13:168
26,14:229
26,16:26
26,17:258
26,18:98
26,19:163
26,20:227
26,21:220
26,22:14
26,23:211
26,24:97
26,25:72
26,27:64
26,28:162
26,29:29
26,30:123
26,31:225
26,32:252
26,33:136
26,34:131
26,35:57
26,36:171
26,37:12
26,38:257
26,39:86
26,40:7
26,41:12
26,42:60
26,43:147
26,44:106
26,45:81
26,46:203
26,47:36
26,48:11
26,49:80
26,50:210
26,51:141
26,52:10
26,53:144
26,54:20
26,55:185
26,56:234
26,57:71
26,58:58
26,59:128
26,60:153
26,61:131
26,62:45
26,63:207
26,64:133
26,65:26
26,66:54
26,67:173
26,68:236
26,69:176
26,70:220
26,71:26
26,72:54
26,73:101
26,74:60
26,75:129
26,76:127
26,77:187
26,78:21
26,79:142
26,80:172
26,81:136
26,82:205
26,83:200
26,84:112
26,85:266
26,86:79
26,87:253
26,88:3
26,89:52
26,90:42
26,91:143
26,92:243
26,93:259
26,94:227
26,95:214
26,96:141
26,97:158
26,98:62
26,99:134
26,100:56
26,101:130
26,102:38
26,103:39
26,104:264
26,105:57
26,106:197
26,107:261
26,108:204
26,109:152
26,110:78
27,5:229
27,6:120
27,7:191
27,8:77
27,9:269
27,13:232
27,14:293
27,15:21
27,17:322
27,18:162
27,19:227
27,20:291
27,21:284
27,22:78
27,23:275
27,24:161
27,25:136
27,26:64
27,28:226
27,29:35
27,30:187
27,31:289
27,32:316
27,33:200
27,34:195
27,35:7
27,36:235
27,37:52
27,38:321
27,39:150
27,40:71
27,41:52
27,42:4
27,44:170
27,45:145
27,46:267
27,47:100
27,50:274
27,51:205
27,52:54
27,54:44
27,55:249
27,56:298
27,57:135
27,58:6
27,59:192
27,60:217
27,61:195
27,62:109
27,63:271
27,64:197
27,65:38
27,66:118
27,67:237
27,68:300
27,69:240
27,70:284
27,71:90
27,72:118
27,73:165
27,74:124
27,75:193
27,76:191
27,77:251
27,78:85
27,79:206
27,80:236
27,81:200
27,82:269
27,83:264
27,84:176
27,85:330
27,86:143
27,87:317
27,88:61
27,89:116
27,90:22
28,5:3
28,6:106
28,7:35
28,8:149
28,9:43
28,13:6
28,14:67
28,15:205
28,16:188
28,18:64
28,19:1
28,20:65
28,21:58
28,22:148
28,23:49
28,24:65
28,25:90
28,26:162
28,27:226
28,29:191
28,30:39
28,31:63
28,32:90
28,33:26
28,34:31
28,35:219
28,36:9
28,37:174
28,38:95
28,39:76
28,40:155
28,41:174
28,42:222
28,43:15
28,45:81
28,46:41
28,47:126
28,48:151
28,49:82
28,51:21
28,52:172
28,53:18
28,54:182
28,55:23
28,56:72
28,57:91
28,58:220
28,59:34
28,60:9
28,61:31
28,62:117
28,63:45
28,64:29
28,65:188
28,66:108
28,67:11
28,68:74
28,69:14
28,70:58
28,71:136
28,72:108
28,73:61
28,74:102
28,75:33
28,76:35
28,77:25
28,78:141
28,79:20
28,80:10
28,81:26
28,82:43
28,83:38
28,84:50
28,85:104
28,86:83
28,87:91
28,88:165
28,89:110
28,90:204
29,5:194
29,6:85
29,7:156
29,8:42
29,9:234
29,13:197
29,14:258
29,15:14
29,16:3
29,17:287
29,19:192
29,20:256
29,21:249
29,22:43
29,23:240
29,24:126
29,25:101
29,26:29
29,27:35
29,28:191
29,30:152
29,31:254
29,32:281
29,33:165
29,34:160
29,35:28
29,36:200
29,37:17
29,38:286
29,39:115
29,40:36
29,41:17
29,42:31
29,43:176
29,44:135
29,46:232
29,47:65
29,48:40
29,49:109
29,50:239
29,52:19
29,53:173
29,54:9
29,55:214
29,56:263
29,57:100
29,58:29
29,59:157
29,60:182
29,61:160
29,62:74
29,63:236
29,64:162
29,65:3
29,66:83
29,67:202
29,68:265
29,69:205
29,70:249
29,71:55
29,72:83
29,73:130
29,74:89
29,75:158
29,76:156
29,77:216
29,78:50
29,79:171
29,80:201
29,81:165
29,82:234
29,83:229
29,84:141
29,85:295
29,86:108
29,87:282
29,88:26
29,89:81
29,90:13
30,5:42
30,6:67
30,7:4
30,8:110
30,9:82
30,13:45
30,14:106
30,15:166
30,16:149
30,17:135
30,18:25
30,20:104
30,21:97
30,22:109
30,23:88
30,24:26
30,25:51
30,26:123
30,27:187
30,28:39
30,29:152
30,31:102
30,32:129
30,33:13
30,34:8
30,35:180
30,36:48
30,37:135
30,38:134
30,39:37
30,40:116
30,41:135
30,42:183
30,43:24
30,44:17
30,45:42
30,47:87
30,48:112
30,49:43
30,50:87
30,51:18
30,53:21
30,54:143
30,55:62
30,56:111
30,57:52
30,58:181
30,59:5
30,60:30
30,61:8
30,62:78
30,63:84
30,64:10
30,65:149
30,66:69
30,67:50
30,68:113
30,69:53
30,70:97
30,71:97
30,72:69
30,73:22
30,74:63
30,75:6
30,76:4
30,77:64
30,78:102
30,79:19
30,80:49
30,81:13
30,82:82
30,83:77
30,84:11
30,85:143
30,86:44
30,87:130
30,88:126
30,89:71
30,90:165
31,5:60
31,6:169
31,7:98
31,8:212
31,9:20
31,13:57
31,15:268
31,16:251
31,17:33
31,18:127
31,19:62
31,20:2
31,21:5
31,23:14
31,24:128
31,25:153
31,26:225
31,27:289
31,28:63
31,29:254
31,30:102
31,32:27
31,33:89
31,34:94
31,35:282
31,36:54
31,37:237
31,38:32
31,39:139
31,41:237
31,42:285
31,43:78
31,44:119
31,45:144
31,46:22
31,47:189
31,48:214
31,49:145
31,50:15
31,51:84
31,52:235
31,53:81
31,54:245
31,55:40
31,56:9
31,57:154
31,58:283
31,59:97
31,60:72
31,61:94
31,62:180
31,63:18
31,64:92
31,65:251
31,66:171
31,67:52
31,68:11
31,69:49
31,70:5
31,71:199
31,72:171
31,73:124
31,74:165
31,75:96
31,76:98
31,77:38
31,78:204
31,79:83
31,80:53
31,81:89
31,82:20
31,83:25
31,84:113
31,85:41
31,86:146
31,87:28
31,88:228
31,89:173
31,90:267
31,91:82
31,92:18
31,93:34
31,94:2
31,95:11
31,96:84
31,97:67
31,98:287
31,99:91
31,100:281
31,101:95
31,102:187
31,103:264
31,104:39
31,105:282
31,106:28
31,107:36
31,108:21
31,109:73
31,110:147
32,5:87
32,6:196
32,7:125
32,8:239
32,13:84
32,15:295
32,16:278
32,17:6
32,18:154
32,19:89
32,20:25
32,21:32
32,22:238
32,24:155
32,25:180
32,26:252
32,27:316
32,28:90
32,29:281
32,30:129
32,31:27
32,33:116
32,34:121
32,35:309
32,36:81
32,37:264
32,38:5
32,39:166
32,40:245
32,41:264
32,42:312
32,43:105
32,44:146
32,45:171
32,46:49
32,47:216
32,48:241
32,49:172
32,50:42
32,51:111
32,52:262
32,53:108
32,54:272
32,55:67
32,56:18
32,57:181
32,58:310
32,59:124
32,60:99
32,61:121
32,62:207
32,63:45
32,64:119
32,65:278
32,66:198
32,67:79
32,68:16
32,71:226
32,72:198
32,74:192
32,76:125
32,80:80
32,81:116
32,82:47
32,86:173
32,87:1
32,90:294
33,5:29
33,6:80
33,7:9
33,8:123
33,9:69
33,13:32
33,15:179
33,16:162
33,17:122
33,18:38
33,19:27
33,20:91
33,21:84
33,22:122
33,24:39
33,25:64
33,26:136
33,27:200
33,28:26
33,29:165
33,30:13
33,31:89
33,32:116
33,34:5
33,35:193
33,36:35
33,37:148
33,38:121
33,39:50
33,40:129
33,41:148
33,42:196
33,43:11
33,44:30
33,45:55
33,46:67
33,47:100
33,48:125
33,49:56
33,50:74
33,51:5
33,52:146
33,53:8
33,54:156
33,55:49
33,56:98
33,57:65
33,58:194
33,59:8
33,60:17
33,61:5
33,62:91
33,63:71
33,64:3
33,65:162
33,66:82
33,67:37
33,68:100
33,69:40
33,70:84
33,71:110
33,72:82
33,73:35
33,74:76
33,75:7
33,76:9
33,77:51
33,78:115
33,79:6
33,80:36
33,82:69
33,83:64
33,84:24
33,85:130
33,86:57
33,87:117
33,88:139
33,89:84
33,90:178
33,91:7
33,92:107
33,93:123
33,94:91
33,95:78
33,96:5
33,97:22
33,98:198
33,99:2
33,100:192
33,101:6
33,102:98
33,103:175
33,104:128
33,105:193
33,106:61
33,107:125
33,108:68
33,109:16
33,110:58
33,111:38
34,5:34
34,6:75
34,7:4
34,8:118
34,9:74
34,13:37
34,15:174
34,16:157
34,17:127
34,18:33
34,19:32
34,20:96
34,21:89
34,22:117
34,23:80
34,24:34
34,26:131
34,27:195
34,28:31
34,29:160
34,30:8
34,31:94
34,32:121
34,33:5
34,35:188
34,36:40
34,37:143
34,38:126
34,39:45
34,40:124
34,41:143
34,42:191
34,43:16
34,44:25
34,45:50
34,46:72
34,48:120
34,49:51
34,50:79
34,51:10
34,52:141
34,53:13
35,5:222
35,6:113
35,7:184
35,8:70
35,9:262
35,13:225
35,14:286
35,15:14
35,17:315
35,18:155
35,19:220
35,20:284
35,21:277
35,22:71
35,23:268
35,24:154
35,25:129
35,26:57
35,28:219
35,29:28
35,30:180
35,31:282
35,32:309
35,33:193
35,34:188
35,36:228
35,37:45
35,38:314
35,39:143
35,40:64
35,41:45
35,42:3
35,43:204
35,44:163
35,45:138
35,46:260
35,47:93
35,50:267
35,51:198
35,52:47
35,54:37
35,55:242
35,56:291
35,57:128
35,58:1
35,59:185
35,60:210
35,61:188
35,62:102
35,63:264
35,64:190
35,65:31
35,66:111
35,67:230
35,68:293
35,69:233
35,70:277
35,71:83
35,72:111
35,73:158
35,74:117
35,75:186
35,76:184
35,77:244
35,78:78
35,79:199
35,80:229
35,81:193
35,82:262
35,83:257
35,84:169
35,85:323
35,86:136
35,87:310
35,88:54
35,89:109
35,90:15
36,5:6
36,6:115
36,7:44
36,8:158
36,9:34
36,13:3
36,14:58
36,15:214
36,16:197
36,18:73
36,19:8
36,20:56
36,21:49
36,22:157
36,23:40
36,24:74
36,25:99
36,26:171
36,27:235
36,29:200
36,30:48
36,31:54
36,32:81
36,33:35
36,34:40
36,35:228
36,37:183
36,38:86
36,39:85
36,40:164
36,41:183
36,42:231
36,43:24
36,44:65
36,45:90
36,46:32
36,47:135
36,48:160
36,49:91
36,51:30
36,52:181
36,53:27
36,54:191
36,55:14
36,56:63
36,57:100
36,58:229
36,59:43
36,60:18
36,61:40
36,62:126
36,63:36
36,64:38
36,65:197
36,66:117
36,67:2
36,68:65
36,69:5
36,70:49
36,71:145
36,72:117
36,73:70
36,74:111
36,75:42
36,76:44
36,77:16
36,78:150
36,79:29
36,80:1
36,81:35
36,82:34
36,83:29
36,84:59
36,85:95
36,86:92
36,87:82
36,88:174
36,89:119
36,90:213
36,91:28
37,5:177
37,6:68
37,7:139
37,8:25
37,9:217
37,13:180
37,14:241
37,15:31
37,16:14
37,17:270
37,19:175
37,20:239
37,21:232
37,22:26
37,23:223
37,24:109
37,25:84
37,26:12
37,27:52
37,28:174
37,30:135
37,31:237
37,32:264
37,33:148
37,34:143
37,35:45
37,36:183
37,38:269
37,39:98
37,40:19
37,42:48
37,43:159
37,44:118
37,45:93
37,46:215
37,47:48
37,48:23
37,49:92
37,50:222
37,52:2
37,53:156
37,54:8
37,55:197
37,56:246
37,57:83
37,58:46
37,59:140
37,60:165
37,61:143
37,62:57
37,63:219
37,64:145
37,65:14
37,66:66
37,67:185
37,68:248
37,69:188
37,70:232
37,71:38
37,72:66
37,73:113
37,74:72
37,75:141
37,76:139
37,77:199
37,78:33
37,79:154
37,80:184
37,81:148
37,82:217
37,83:212
37,84:124
37,85:278
37,86:91
37,87:265
37,88:9
37,89:64
37,90:30
37,91:155
38,5:92
38,6:201
38,7:130
38,8:244
38,9:52
38,13:89
38,14:28
38,15:300
38,16:283
38,17:1
38,18:159
38,20:30
38,21:37
38,22:243
38,23:46
38,24:160
38,25:185
38,26:257
38,27:321
38,28:95
38,29:286
38,31:32
38,32:5
38,33:121
38,34:126
38,35:314
38,36:86
38,37:269
38,39:171
38,40:250
38,41:269
38,42:317
38,43:110
38,44:151
38,45:176
38,46:54
38,47:221
38,48:246
38,49:177
38,50:47
38,51:116
38,53:113
38,54:277
38,55:72
38,56:23
38,57:186
38,58:315
38,59:129
38,60:104
38,61:126
38,62:212
38,63:50
38,64:124
38,65:283
38,66:203
38,67:84
38,68:21
38,69:81
38,70:37
38,71:231
38,72:203
38,73:156
38,74:197
38,75:128
38,76:130
38,77:70
38,78:236
38,79:115
38,80:85
38,81:121
38,82:52
38,83:57
38,84:145
38,85:9
38,86:178
38,87:4
38,88:260
38,89:205
38,90:299
38,91:114
39,7:41
39,8:73
39,9:119
39,13:82
39,15:129
39,16:112
39,17:172
39,18:12
39,19:77
39,20:141
39,21:134
39,23:125
39,24:11
39,25:14
39,26:86
39,27:150
39,28:76
39,29:115
39,30:37
39,32:166
39,33:50
39,34:45
39,35:143
39,36:85
39,37:98
39,38:171
39,40:79
39,41:98
39,42:146
39,43:61
39,44:20
39,45:5
39,46:117
39,47:50
39,48:75
39,49:6
39,50:124
39,51:55
39,52:96
39,53:58
39,54:106
39,55:99
39,56:148
39,57:15
39,58:144
39,59:42
39,60:67
39,61:45
39,62:41
39,63:121
39,64:47
39,65:112
39,66:32
39,67:87
39,68:150
39,69:90
39,70:134
39,71:60
39,72:32
39,73:15
39,74:26
39,75:43
39,76:41
39,77:101
39,78:65
39,79:56
39,80:86
39,81:50
39,82:119
39,83:114
39,84:26
39,85:180
39,86:7
39,87:167
39,88:89
39,89:34
39,90:128
39,91:57
39,92:157
39,93:173
39,94:141
39,95:128
39,96:55
39,97:72
39,98:148
39,99:48
39,100:142
39,101:44
39,102:48
39,103:125
39,104:178
39,105:143
39,106:111
39,107:175
39,108:118
39,109:66
39,110:8
40,7:120
40,8:6
40,9:198
40,13:161
40,15:50
40,16:33
40,17:251
40,18:91
40,19:156
40,20:220
40,21:213
40,23:204
40,24:90
40,25:65
40,26:7
40,27:71
40,28:155
40,29:36
40,30:116
40,32:245
40,33:129
40,34:124
40,35:64
40,36:164
40,37:19
40,38:250
40,41:19
40,42:67
40,43:140
40,44:99
40,45:74
40,46:196
40,47:29
40,48:4
40,49:73
40,50:203
40,51:134
40,52:17
40,53:137
40,54:27
40,55:178
40,56:227
40,57:64
40,58:65
40,59:121
40,60:146
40,61:124
40,62:38
40,63:200
40,64:126
40,65:33
40,66:47
40,67:166
40,68:229
40,69:169
40,70:213
40,71:19
40,72:47
40,73:94
40,74:53
40,75:122
40,76:120
40,77:180
40,78:14
40,79:135
40,80:165
40,81:129
40,82:198
40,83:193
40,84:105
40,85:259
40,86:72
40,87:246
40,88:10
40,89:45
40,90:49
40,91:136
40,92:236
40,93:252
40,94:220
40,95:207
40,96:134
40,97:151
40,98:69
40,99:127
40,100:63
40,101:123
40,102:31
40,103:46
40,104:257
40,105:64
40,106:190
40,107:254
40,108:197
40,109:145
40,110:71
40,111:91
41,5:177
41,6:68
41,7:139
41,8:25
41,13:180
41,15:31
41,16:14
41,17:270
41,18:110
41,19:175
41,20:239
41,21:232
41,22:26
41,24:109
41,25:84
41,26:12
41,27:52
41,28:174
41,29:17
41,30:135
41,31:237
41,33:148
41,34:143
41,35:45
41,36:183
41,38:269
41,39:98
41,40:19
41,42:48
41,43:159
41,44:118
41,45:93
41,46:215
41,47:48
41,48:23
41,49:92
41,50:222
41,51:153
41,52:2
41,53:156
41,54:8
41,55:197
41,56:246
41,57:83
41,58:46
41,59:140
41,60:165
41,61:143
41,62:57
41,63:219
41,64:145
41,65:14
41,66:66
41,67:185
41,68:248
41,69:188
41,70:232
41,71:38
41,72:66
41,74:72
41,76:139
41,80:184
41,81:148
41,82:217
41,86:91
41,87:265
41,90:30
42,5:225
42,6:116
42,7:187
42,8:73
42,9:265
42,13:228
42,15:17
42,16:34
42,17:318
42,18:158
42,19:223
42,20:287
42,21:280
42,22:74
42,23:271
42,24:157
42,26:60
42,27:4
42,28:222
42,29:31
42,30:183
42,31:285
42,32:312
42,33:196
42,35:3
42,36:231
42,37:48
42,38:317
42,39:146
42,40:67
42,41:48
42,43:207
42,44:166
42,45:141
42,46:263
42,47:96
42,48:71
42,49:140
42,50:270
42,51:201
42,52:50
42,53:204
43,5:18
43,6:91
43,7:20
43,8:134
43,9:58
43,13:21
43,14:82
43,15:190
43,17:111
43,18:49
43,19:16
43,20:80
43,21:73
43,22:133
43,23:64
43,24:50
43,25:75
43,26:147
43,28:15
43,29:176
43,30:24
43,31:78
43,32:105
43,33:11
43,34:16
43,36:24
43,37:159
43,38:110
43,39:61
43,40:140
43,41:159
43,42:207
43,44:41
43,45:66
43,46:56
43,47:111
43,48:136
43,49:67
43,50:63
43,51:6
43,52:157
43,54:167
43,55:38
43,56:87
43,57:76
43,58:205
43,59:19
43,60:6
43,61:16
43,62:102
43,63:60
43,64:14
43,65:173
43,66:93
43,67:26
43,68:89
43,69:29
43,70:73
43,71:121
43,72:93
43,73:46
43,74:87
43,75:18
43,76:20
43,77:40
43,78:126
43,79:5
43,80:25
43,81:11
43,82:58
43,83:53
43,84:35
43,85:119
43,86:68
43,87:106
43,88:150
43,89:95
43,90:189
44,5:59
44,6:50
44,7:21
44,8:93
44,9:99
44,13:62
44,14:123
44,15:149
44,16:132
44,18:8
44,19:57
44,20:121
44,21:114
44,22:92
44,23:105
44,24:9
44,25:34
44,26:106
44,27:170
44,29:135
44,30:17
44,31:119
44,32:146
44,33:30
44,34:25
44,35:163
44,37:118
44,38:151
44,39:20
44,40:99
44,41:118
44,42:166
44,43:41
44,45:25
44,46:97
44,47:70
44,48:95
44,49:26
44,50:104
44,51:35
44,52:116
44,53:38
44,54:126
44,55:79
44,56:128
44,57:35
44,58:164
44,59:22
44,60:47
44,61:25
44,62:61
44,63:101
44,64:27
44,65:132
44,66:52
44,67:67
44,68:130
44,69:70
44,70:114
44,71:80
44,72:52
44,73:5
44,74:46
44,75:23
44,76:21
44,77:81
44,78:85
44,79:36
44,80:66
44,81:30
44,82:99
44,83:94
44,84:6
44,85:160
44,86:27
44,87:147
44,88:109
44,89:54
44,90:148
44,91:37
44,92:137
44,93:153
44,94:121
44,95:108
44,96:35
44,97:52
44,98:168
44,99:28
44,100:162
44,101:24
44,102:68
44,103:145
44,104:158
44,105:163
44,106:91
44,107:155
44,108:98
44,109:46
44,110:28
45,5:84
45,6:25
45,7:46
45,8:68
45,9:124
45,13:87
45,14:148
45,15:124
45,16:107
45,17:177
45,19:82
45,20:146
45,21:139
45,22:67
45,23:130
45,24:16
45,25:9
45,26:81
45,27:145
45,28:81
45,30:42
45,31:144
45,32:171
45,33:55
45,34:50
45,35:138
45,36:90
45,38:176
45,39:5
45,40:74
45,41:93
45,42:141
45,43:66
45,44:25
45,46:122
45,47:45
45,48:70
45,49:1
45,50:129
45,51:60
45,52:91
45,53:63
45,54:101
45,55:104
45,56:153
45,57:10
45,58:139
45,59:47
45,60:72
45,61:50
45,62:36
45,63:126
45,64:52
45,65:107
45,66:27
45,67:92
45,68:155
45,69:95
45,70:139
45,71:55
45,72:27
45,73:20
45,74:21
45,75:48
45,76:46
45,77:106
45,78:60
45,79:61
45,80:91
45,81:55
45,82:124
45,83:119
45,84:31
45,85:185
45,86:2
45,87:172
45,88:84
45,89:29
45,90:123
45,91:62
45,92:162
45,93:178
45,94:146
45,95:133
45,96:60
45,97:77
45,98:143
45,99:53
45,100:137
45,101:49
45,102:43
45,103:120
45,104:183
45,105:138
45,106:116
45,107:180
45,108:123
45,109:71
45,110:3
46,5:38
46,6:147
46,7:76
46,8:190
46,9:2
46,13:35
46,14:26
46,15:246
46,16:229
46,17:55
46,18:105
46,20:24
46,21:17
46,22:189
46,23:8
46,24:106
46,25:131
46,26:203
46,27:267
46,28:41
46,29:232
46,31:22
46,32:49
46,33:67
46,34:72
46,35:260
46,36:32
46,37:215
46,39:117
46,40:196
46,41:215
46,42:263
46,43:56
46,44:97
46,45:122
46,47:167
46,48:192
46,49:123
46,50:7
46,51:62
46,52:213
46,53:59
46,54:223
46,55:18
46,56:31
46,57:132
46,58:261
46,59:75
46,60:50
46,61:72
46,62:158
46,63:4
46,64:70
46,65:229
46,66:149
46,67:30
46,68:33
46,69:27
46,70:17
46,71:177
46,72:149
46,73:102
46,74:143
46,75:74
46,76:76
46,77:16
46,78:182
46,79:61
46,80:31
46,81:67
46,82:2
46,83:3
46,84:91
46,85:63
46,86:124
46,87:50
46,88:206
46,89:151
46,90:245
46,91:60
46,92:40
46,93:56
46,94:24
46,95:11
46,96:62
46,97:45
46,98:265
46,99:69
46,100:259
46,101:73
46,102:165
46,103:242
46,104:61
46,105:260
46,106:6
46,107:58
46,108:1
46,109:51
46,110:125
47,5:129
47,6:20
47,7:91
47,8:23
47,9:169
47,13:132
47,15:79
47,16:62
47,17:222
47,18:62
47,19:127
47,20:191
47,21:184
47,22:22
47,23:175
47,24:61
47,26:36
47,27:100
47,28:126
47,29:65
47,30:87
47,31:189
47,32:216
47,33:100
47,35:93
47,36:135
47,37:48
47,38:221
47,39:50
47,40:29
47,41:48
47,43:111
47,44:70
47,45:45
47,46:167
47,48:25
47,49:44
47,50:174
47,51:105
47,52:46
47,53:108
47,54:56
47,55:149
47,56:198
47,57:35
47,58:94
47,59:92
47,60:117
48,5:154
48,6:45
48,7:116
48,8:2
48,9:194
48,13:157
48,14:218
48,15:54
48,17:247
48,18:87
48,19:152
48,20:216
48,21:209
48,22:3
48,23:200
48,24:86
48,25:61
48,26:11
48,28:151
48,29:40
48,30:112
48,31:214
48,32:241
48,33:125
48,34:120
48,36:160
48,37:23
48,38:246
48,39:75
48,40:4
48,41:23
48,42:71
48,44:95
48,45:70
48,46:192
48,47:25
48,49:69
48,50:199
48,51:130
48,52:21
48,53:133
48,54:31
48,55:174
48,56:223
48,57:60
48,58:69
48,59:117
48,60:142
48,61:120
48,62:34
48,63:196
48,64:122
48,65:37
48,66:43
48,67:162
48,68:225
48,69:165
48,70:209
48,71:15
48,72:43
48,73:90
48,74:49
48,75:118
48,76:116
48,77:176
48,78:10
48,79:131
48,80:161
48,81:125
48,82:194
48,83:189
48,84:101
48,85:255
48,86:68
48,87:242
48,88:14
48,89:41
48,90:53
48,91:132
48,92:232
48,93:248
48,94:216
48,95:203
48,96:130
48,97:147
48,98:73
48,99:123
48,100:67
48,101:119
48,102:27
48,103:50
48,104:253
48,105:68
48,106:186
48,107:250
48,108:193
48,109:141
48,110:67
49,5:85
49,6:24
49,7:47
49,8:67
49,9:125
49,13:88
49,14:149
49,15:123
49,17:178
49,18:18
49,19:83
49,20:147
49,21:140
49,22:66
49,23:131
49,24:17
49,25:8
49,26:80
49,28:82
49,29:109
49,30:43
49,31:145
49,32:172
49,33:56
49,34:51
49,36:91
49,37:92
49,38:177
49,39:6
49,40:73
49,41:92
49,42:140
49,44:26
49,45:1
49,46:123
49,47:44
49,48:69
49,50:130
49,51:61
49,52:90
49,53:64
49,54:100
49,55:105
49,56:154
49,57:9
49,58:138
49,59:48
49,60:73
49,61:51
49,62:35
49,63:127
49,64:53
49,65:106
49,66:26
49,67:93
49,68:156
49,69:96
49,70:140
49,71:54
49,72:26
49,73:21
49,74:20
49,75:49
49,76:47
49,77:107
49,78:59
49,79:62
49,80:92
49,81:56
49,82:125
49,83:120
49,84:32
49,85:186
49,86:1
49,87:173
49,88:83
49,89:28
49,90:122
49,91:63
50,5:45
50,6:154
50,7:83
50,8:197
50,9:5
50,13:42
50,14:19
50,15:253
50,16:236
50,18:112
50,19:47
50,20:17
50,21:10
50,22:196
50,23:1
50,24:113
50,25:138
50,26:210
50,27:274
50,29:239
50,30:87
50,31:15
50,32:42
50,33:74
50,34:79
50,35:267
50,37:222
50,38:47
50,39:124
50,40:203
50,41:222
50,42:270
50,43:63
50,45:129
50,46:7
50,47:174
50,48:199
50,49:130
50,51:69
50,52:220
50,53:66
50,54:230
50,55:25
50,56:24
50,57:139
50,58:268
50,59:82
50,60:57
50,61:79
50,62:165
50,63:3
50,64:77
50,65:236
50,66:156
50,67:37
50,68:26
50,69:34
50,70:10
50,71:184
50,72:156
50,73:109
50,74:150
50,75:81
50,76:83
50,77:23
50,78:189
50,79:68
50,80:38
50,81:74
50,82:5
50,83:10
50,84:98
50,85:56
50,86:131
50,87:43
50,88:213
50,89:158
50,90:252
50,91:67
50,92:33
50,93:49
50,94:17
50,95:4
50,96:69
50,97:52
50,98:272
50,99:76
50,100:266
50,101:80
50,102:172
50,103:249
50,104:54
50,105:267
50,106:13
50,107:51
50,108:6
50,109:58
50,110:132
50,111:112
51,5:24
51,6:85
51,7:14
51,8:128
51,9:64
51,13:27
51,14:88
51,15:184
51,16:167
51,17:117
51,19:22
51,20:86
51,21:79
51,22:127
51,23:70
51,24:44
51,25:69
51,26:141
51,27:205
51,28:21
51,30:18
51,31:84
51,32:111
51,33:5
51,34:10
51,35:198
51,36:30
51,38:116
51,39:55
51,40:134
51,41:153
51,42:201
51,43:6
51,44:35
51,46:62
51,47:105
51,48:130
51,49:61
51,50:69
51,52:151
51,53:3
51,54:161
51,55:44
51,56:93
51,57:70
51,58:199
51,59:13
51,60:12
51,61:10
51,62:96
51,63:66
51,64:8
51,65:167
51,66:87
51,67:32
51,68:95
51,69:35
51,70:79
51,71:115
51,72:87
51,73:40
51,74:81
51,75:12
51,76:14
51,77:46
51,78:120
51,79:1
51,80:31
51,81:5
51,82:64
51,83:59
51,84:29
51,85:125
51,86:62
51,87:112
51,88:144
51,89:89
51,90:183
51,91:2
51,92:102
51,93:118
51,94:86
51,95:73
51,97:17
51,98:203
51,99:7
51,100:197
51,101:11
51,102:103
51,103:180
51,104:123
51,105:198
51,106:56
51,107:120
51,108:63
51,109:11
51,110:63
51,111:43
52,5:175
52,6:66
52,7:137
52,8:23
52,9:215
52,13:178
52,14:239
52,15:33
52,16:16
52,17:268
52,18:108
52,20:237
52,21:230
52,22:24
52,23:221
52,24:107
52,25:82
52,26:10
52,27:54
52,28:172
52,29:19
52,31:235
52,32:262
52,33:146
52,34:141
52,35:47
52,36:181
52,37:2
52,39:96
52,40:17
52,41:2
52,42:50
52,43:157
52,44:116
52,45:91
52,47:46
52,48:21
52,49:90
52,50:220
52,51:151
52,53:154
52,54:10
52,55:195
52,56:244
52,57:81
52,58:48
52,59:138
52,60:163
52,61:141
52,62:55
52,63:217
52,64:143
52,65:16
52,66:64
52,67:183
52,68:246
52,69:186
52,70:230
52,71:36
52,72:64
52,73:111
52,74:70
52,75:139
52,76:137
52,77:197
52,78:31
52,79:152
52,80:182
52,81:146
52,82:215
52,83:210
52,84:122
52,85:276
52,86:89
52,87:263
52,88:7
52,89:62
52,90:32
52,91:153
52,92:253
52,93:269
52,94:237
52,95:224
52,96:151
52,97:168
52,98:52
52,99:144
52,100:46
52,101:140
52,102:48
52,103:29
52,104:274
52,105:47
52,106:207
52,107:271
52,108:214
52,109:162
52,110:88
52,111:108
53,5:21
53,6:88
53,7:17
53,8:131
53,9:61
53,13:24
53,14:85
53,15:187
53,17:114
53,18:46
53,19:19
53,20:83
53,21:76
53,22:130
53,23:67
53,24:47
53,25:72
53,26:144
53,28:18
53,29:173
53,30:21
53,31:81
53,32:108
53,33:8
53,34:13
53,36:27
53,37:156
53,38:113
53,39:58
53,40:137
53,41:156
53,42:204
53,44:38
53,45:63
53,46:59
53,47:108
53,49:64
53,50:66
53,51:3
53,52:154
53,54:164
53,55:41
53,56:90
53,57:73
53,58:202
53,59:16
53,60:9
53,61:13
53,62:99
53,63:63
53,64:11
53,65:170
53,66:90
53,67:29
53,68:92
53,69:32
53,70:76
53,71:118
53,72:90
53,73:43
53,74:84
53,75:15
53,76:17
53,77:43
53,78:123
53,79:2
53,80:28
53,81:8
53,82:61
53,83:56
53,84:32
53,85:122
53,86:65
53,87:109
53,88:147
53,89:92
53,90:186
53,91:1
53,92:99
53,93:115
53,94:83
53,95:70
53,96:3
53,97:14
53,98:206
53,99:10
53,100:200
53,101:14
53,102:106
53,103:183
53,104:120
53,105:201
53,106:53
53,107:117
53,108:60
53,109:8
53,110:66
53,111:46
54,5:185
54,6:76
54,7:147
54,8:33
54,9:225
54,13:188
54,15:23
54,16:6
54,17:278
54,18:118
54,19:183
54,20:247
54,21:240
54,22:34
54,23:231
54,24:117
54,26:20
54,27:44
54,28:182
54,29:9
54,30:143
54,31:245
54,32:272
54,33:156
54,35:37
54,36:191
54,37:8
54,38:277
54,39:106
54,40:27
54,41:8
54,43:167
54,44:126
54,45:101
54,46:223
54,48:31
54,49:100
54,50:230
54,51:161
54,52:10
54,53:164
54,55:205
54,56:254
54,57:91
54,58:38
54,59:148
54,60:173
54,61:151
54,62:65
54,63:227
54,64:153
54,65:6
54,66:74
54,67:193
54,68:256
54,69:196
54,70:240
54,71:46
54,72:74
54,74:80
54,76:147
54,80:192
54,81:156
54,82:225
54,86:99
54,87:273
54,90:22
55,5:20
55,6:129
55,7:58
55,8:172
55,9:20
55,13:17
55,15:228
55,16:211
55,17:73
55,18:87
55,19:22
55,20:42
55,21:35
55,22:171
55,23:26
55,24:88
55,26:185
55,27:249
55,28:23
55,29:214
55,30:62
55,31:40
55,32:67
55,33:49
55,35:242
55,36:14
55,37:197
55,38:72
55,39:99
55,40:178
55,41:197
55,43:38
55,44:79
55,45:104
55,46:18
55,48:174
55,49:105
55,50:25
55,51:44
55,52:195
55,53:41
55,54:205
55,56:49
55,57:114
55,58:243
55,59:57
55,60:32
55,61:54
55,62:140
55,63:22
55,64:52
55,65:211
55,66:131
55,67:12
55,68:51
55,72:131
55,74:125
55,76:58
55,80:13
55,81:49
55,82:20
55,86:106
55,87:68
55,90:227
56,5:69
56,6:178
56,7:107
56,8:221
56,9:29
56,13:66
56,15:277
56,16:260
56,17:24
56,18:136
56,19:71
56,20:7
56,21:14
56,22:220
56,23:23
56,24:137
56,26:234
56,27:298
56,28:72
56,29:263
56,30:111
56,31:9
56,32:18
56,33:98
56,35:291
56,36:63
56,37:246
56,38:23
56,39:148
56,40:227
56,41:246
56,43:87
56,44:128
56,45:153
56,46:31
56,48:223
56,49:154
56,50:24
56,51:93
56,52:244
56,53:90
56,54:254
56,55:49
56,57:163
56,58:292
56,59:106
56,60:81
56,61:103
56,62:189
56,63:27
56,64:101
56,65:260
56,66:180
56,67:61
56,68:2
56,69:58
56,70:14
56,71:208
56,73:133
56,75:105
56,77:47
56,78:213
56,79:92
56,83:34
56,84:122
56,85:32
56,88:237
56,89:182
57,5:94
57,6:15
57,7:56
57,8:58
57,9:134
57,13:97
57,15:114
57,16:97
57,17:187
57,18:27
57,19:92
57,20:156
57,21:149
57,22:57
57,23:140
57,24:26
57,26:71
57,27:135
57,28:91
57,29:100
57,30:52
57,31:154
57,32:181
57,33:65
57,35:128
57,36:100
57,37:83
57,38:186
57,39:15
57,40:64
57,41:83
57,43:76
57,44:35
57,45:10
57,46:132
57,48:60
57,49:9
57,50:139
57,51:70
57,52:81
57,53:73
57,54:91
57,55:114
57,56:163
57,58:129
57,59:57
57,60:82
57,61:60
57,62:26
57,63:136
57,64:62
57,65:97
57,66:17
57,67:102
57,68:165
57,69:105
57,70:149
57,71:45
57,72:17
57,73:30
57,74:11
57,75:58
57,76:56
57,77:116
57,78:50
57,79:71
57,80:101
57,81:65
57,82:134
57,83:129
57,84:41
57,85:195
57,86:8
57,87:182
57,88:74
57,89:19
57,90:113
