<number of tasks>
111

<cycle time>
6540

<task times>
1 1960
2 1715
3 735
4 1715
5 490
6 1225
7 169
8 2252
9 1225
10 2319
11 1715
12 980
13 735
14 2281
15 2750
16 77
17 89
18 51
19 364
20 405
21 3060
22 125
23 3429
24 43
25 3430
26 1960
27 29
28 27
29 15
30 121
31 1715
32 2127
33 1470
34 4037
35 68
36 62
37 42
38 364
39 4998
40 1470
41 2963
42 5689
43 68
44 18
45 10
46 81
47 5200
48 39
49 67
50 27
51 15
52 121
53 58
54 1715
55 125
56 4010
57 1470
58 1470
59 2303
60 1960
61 2205
62 4018
63 2744
64 2999
65 735
66 735
67 735
68 735
69 545
70 3386
71 3234
72 2205
73 2206
74 490
75 825
76 3528
77 3568
78 1200
79 618
80 1470
81 1715
82 735
83 1960
84 2889
85 618
86 490
87 735
88 490
89 921
90 326
91 5390
92 243
93 371
94 58
95 5059
96 1225
97 769
98 768
99 1670
100 1670
101 490
102 202
103 203
104 202
105 2744
106 162
107 324
108 162
109 121
110 162
111 91

<precedence relations>
1,2
2,3
3,4
4,5
4,6
4,7
4,8
4,9
4,10
5,39
6,39
7,83
8,71
9,32
10,11
10,12
11,13
11,14
11,15
11,16
11,17
11,18
11,19
11,20
11,21
12,13
12,14
12,15
12,16
12,17
12,18
12,19
12,20
12,21
13,71
14,22
14,23
14,24
14,25
15,26
16,27
17,28
18,29
19,30
20,91
21,111
22,31
22,83
23,32
23,33
24,69
24,70
25,34
26,82
27,35
28,36
29,37
30,38
31,39
32,41
33,111
34,42
35,43
36,44
36,91
37,45
37,91
38,46
38,91
39,40
40,111
41,69
41,70
42,47
43,48
43,49
44,50
45,51
46,52
47,54
47,55
47,56
47,57
47,58
47,59
47,60
48,53
49,91
50,111
51,111
52,111
53,111
54,69
54,70
55,61
55,62
55,63
56,63
56,64
57,65
57,91
58,66
58,91
59,67
59,91
60,68
60,91
61,69
61,70
62,71
63,111
64,72
65,111
66,111
67,111
68,111
69,77
69,78
70,73
71,91
72,74
73,75
74,76
75,77
75,78
75,79
76,80
76,81
76,82
77,83
78,84
79,85
80,86
80,91
81,87
81,91
82,111
83,91
84,88
84,89
84,91
85,111
86,111
87,90
88,105
89,105
90,111
91,92
91,93
91,94
92,95
93,95
94,95
95,96
95,97
95,98
95,99
95,100
95,104
96,101
97,102
98,103
99,111
100,111
101,105
102,106
102,107
103,107
103,108
104,111
105,111
106,109
107,111
108,110
109,111
110,111

<setup times forward>
1,2:344
2,3:478
3,4:252
4,5:37
4,6:312
4,7:134
4,8:420
4,9:63
4,10:247
5,6:275
5,7:97
5,8:383
5,9:100
5,10:210
5,11:469
5,12:130
5,13:6
5,14:161
5,15:526
5,16:481
5,17:234
5,18:168
5,19:5
5,20:155
5,21:138
5,22:380
5,23:116
5,24:172
5,25:234
5,26:415
5,27:577
5,28:8
5,29:488
5,30:105
5,31:150
5,32:219
5,33:73
5,34:87
5,35:559
5,36:15
5,37:446
5,38:232
5,39:200
5,41:445
5,42:568
5,43:47
5,44:150
5,45:213
5,46:96
5,47:326
5,48:389
5,49:214
5,50:113
5,51:61
5,52:440
5,53:54
5,54:467
5,55:50
5,56:174
5,57:238
5,58:563
5,59:95
5,60:30
5,61:86
5,62:303
5,63:106
5,64:80
5,65:482
5,66:280
5,67:20
5,68:179
5,69:27
5,70:137
5,71:351
5,72:279
5,73:163
5,74:265
5,75:91
5,76:96
5,77:55
5,78:363
5,79:58
5,80:17
5,81:74
5,82:100
5,83:88
5,84:134
5,85:254
5,86:218
5,87:222
5,88:424
5,89:285
5,90:523
5,91:55
5,92:197
5,93:236
5,94:157
5,95:122
5,96:60
5,97:18
5,98:571
5,99:78
5,100:558
5,101:88
5,102:321
5,103:515
5,104:248
5,105:559
5,106:80
5,107:242
5,108:98
5,109:34
5,110:220
6,5:275
6,7:178
6,8:108
6,9:375
6,10:65
6,11:194
6,12:145
6,13:281
6,14:436
6,15:251
6,16:206
6,17:509
6,18:107
6,19:270
6,20:430
6,21:413
6,22:105
6,23:391
6,24:103
6,25:41
6,26:140
6,27:302
6,28:267
6,29:213
6,30:170
6,31:425
6,32:494
6,33:202
6,34:188
6,35:284
6,36:290
6,37:171
6,38:507
6,39:75
6,41:170
6,42:293
6,43:228
6,44:125
6,45:62
6,46:371
6,47:51
6,48:114
6,49:61
6,50:388
6,51:214
6,52:165
6,53:221
6,54:192
6,55:325
6,56:449
6,57:37
6,58:288
6,59:180
6,60:245
6,61:189
6,62:28
6,63:381
6,64:195
6,65:207
6,66:5
6,67:295
6,68:454
6,69:302
6,70:412
6,71:76
6,72:4
6,73:112
6,74:10
6,75:184
6,76:179
6,77:330
6,78:88
6,79:217
6,80:292
6,81:201
6,82:375
6,83:363
6,84:141
6,85:529
6,86:57
6,87:497
6,88:149
6,89:10
6,90:248
6,91:220
6,92:472
6,93:511
6,94:432
6,95:397
6,96:215
6,97:257
6,98:296
6,99:197
6,100:283
6,101:187
6,102:46
6,103:240
6,104:523
6,105:284
6,106:355
6,107:517
6,108:373
6,109:241
6,110:55
7,5:97
7,6:178
7,8:286
7,9:197
7,10:113
7,11:372
7,12:33
7,13:103
7,14:258
7,15:429
7,16:384
7,17:331
7,18:71
7,19:92
7,20:252
7,21:235
7,22:283
7,23:213
7,24:75
7,25:137
7,26:318
7,27:480
7,28:89
7,29:391
7,30:8
7,31:247
7,32:316
7,33:24
7,34:10
7,35:462
7,36:112
7,37:349
7,38:329
7,39:103
7,40:302
7,41:348
7,42:471
7,43:50
7,44:53
7,45:116
7,46:193
7,47:229
7,48:292
7,49:117
7,50:210
7,51:36
7,52:343
7,53:43
7,54:370
7,55:147
7,56:271
7,57:141
7,58:466
7,59:2
7,60:67
7,61:11
7,62:206
7,63:203
7,64:17
7,65:385
7,66:183
7,67:117
7,68:276
7,69:124
7,70:234
7,71:254
7,72:182
7,73:66
7,74:168
7,75:6
7,76:1
7,77:152
7,78:266
7,79:39
7,80:114
7,81:23
7,82:197
7,83:185
7,84:37
7,85:351
7,86:121
7,87:319
7,88:327
7,89:188
7,90:426
8,5:383
8,6:108
8,7:286
8,9:483
8,10:173
8,11:86
8,12:253
8,13:389
8,14:544
8,15:143
8,16:98
8,17:617
8,18:215
8,19:378
8,20:538
8,21:521
8,22:3
8,23:499
8,24:211
8,25:149
8,26:32
8,27:194
8,28:375
8,29:105
8,30:278
8,31:533
8,32:602
8,33:310
8,34:296
8,35:176
8,36:398
8,37:63
8,38:615
8,39:183
8,40:16
8,41:62
8,42:185
8,43:336
8,44:233
8,45:170
8,46:479
8,47:57
8,48:6
8,49:169
8,50:496
8,51:322
8,52:57
8,53:329
8,54:84
8,55:433
8,56:557
8,57:145
8,58:180
8,59:288
8,60:353
8,61:297
8,62:80
8,63:489
8,64:303
8,65:99
8,66:103
8,67:403
8,68:562
8,69:410
8,70:520
8,71:32
8,72:104
8,73:220
8,74:118
8,75:292
8,76:287
8,77:438
8,78:20
8,79:325
8,80:400
8,81:309
8,82:483
8,83:471
8,84:249
8,85:637
8,86:165
8,87:605
8,88:41
8,89:98
8,90:140
9,5:100
9,6:375
9,7:197
9,8:483
9,10:310
9,11:569
9,12:230
9,13:94
9,14:61
9,15:626
9,16:581
9,17:134
9,18:268
9,19:105
9,20:55
9,21:38
9,22:480
9,23:16
9,24:272
9,25:334
9,26:515
9,27:677
9,28:108
9,29:588
9,30:205
9,31:50
9,32:119
9,33:173
9,34:187
9,35:659
9,36:85
9,37:546
9,38:132
9,39:300
9,40:499
9,42:668
9,43:147
9,44:250
9,45:313
9,46:4
9,47:426
9,48:489
9,49:314
9,50:13
9,51:161
9,52:540
9,53:154
9,54:567
9,55:50
9,56:74
9,57:338
9,58:663
9,59:195
9,60:130
9,61:186
9,62:403
9,63:6
9,64:180
9,65:582
9,66:380
9,67:80
9,68:79
9,71:451
9,72:379
9,74:365
9,76:196
9,80:83
9,81:174
9,86:318
9,87:122
9,90:623
10,5:210
10,6:65
10,7:113
10,8:173
10,9:310
10,11:259
10,12:80
11,5:469
11,6:194
11,7:372
11,8:86
11,9:569
11,12:339
11,13:475
11,14:630
11,15:57
11,16:12
11,17:703
11,18:301
11,19:464
11,20:624
11,21:607
12,5:130
12,6:145
12,7:33
12,8:253
12,9:230
12,11:339
12,13:136
12,14:291
12,15:396
12,16:351
12,17:364
12,18:38
12,19:125
12,20:285
12,21:268
13,5:6
13,6:281
13,7:103
13,8:389
13,9:94
13,14:155
13,15:532
13,16:487
13,17:228
13,18:174
13,19:11
13,20:149
13,21:132
13,22:386
13,23:110
13,24:178
13,25:240
13,26:421
13,27:583
13,28:14
13,29:494
13,30:111
13,31:144
13,32:213
13,33:79
13,34:93
13,35:565
13,36:9
13,37:452
13,38:226
13,39:206
13,40:405
13,41:451
13,42:574
13,43:53
13,44:156
13,45:219
13,46:90
13,47:332
13,48:395
13,49:220
13,50:107
13,51:67
13,52:446
13,53:60
13,54:473
13,55:44
13,56:168
13,57:244
13,58:569
13,59:101
13,60:36
13,61:92
13,62:309
13,63:100
13,64:86
13,65:488
13,66:286
13,67:14
13,68:173
13,69:21
13,70:131
13,71:357
13,72:285
13,73:169
13,74:271
13,75:97
13,76:102
13,77:49
13,78:369
13,79:64
13,80:11
13,81:80
13,82:94
13,83:82
13,84:140
13,85:248
13,86:224
13,87:216
13,88:430
13,89:291
13,90:529
14,5:161
14,6:436
14,7:258
14,8:544
14,9:61
14,13:155
14,15:687
14,16:642
14,17:73
14,18:329
14,19:166
14,20:6
14,21:23
14,22:541
14,23:45
14,24:333
14,25:395
14,26:576
14,27:738
14,28:169
14,29:649
14,30:266
14,35:720
14,36:146
14,37:607
14,38:71
14,43:208
14,44:311
14,45:374
14,46:65
14,48:550
14,49:375
14,50:48
14,51:222
14,52:601
14,53:215
15,5:526
15,6:251
15,7:429
15,8:143
15,9:626
15,13:532
15,14:687
15,16:45
15,17:760
15,18:358
15,19:521
15,20:681
15,21:664
15,22:146
15,23:642
15,24:354
15,25:292
15,26:111
15,27:51
15,28:518
15,29:38
15,30:421
15,31:676
15,32:745
15,33:453
15,34:439
15,35:33
15,36:541
15,37:80
15,38:758
15,39:326
15,40:127
15,41:81
15,42:42
15,43:479
15,44:376
15,45:313
15,46:622
15,47:200
15,48:137
15,49:312
15,50:639
15,51:465
15,52:86
15,53:472
15,54:59
15,55:576
15,56:700
15,57:288
15,58:37
15,59:431
15,60:496
15,61:440
15,62:223
15,63:632
15,64:446
15,65:44
15,66:246
15,67:546
15,68:705
15,69:553
15,70:663
15,71:175
15,72:247
15,73:363
15,74:261
15,75:435
15,76:430
15,77:581
15,78:163
15,79:468
15,80:543
15,81:452
15,83:614
15,84:392
15,85:780
15,86:308
15,87:748
15,88:102
15,89:241
15,90:3
15,91:471
15,92:723
15,93:762
15,94:683
15,95:648
15,96:466
15,97:508
15,98:45
15,99:448
15,100:32
15,101:438
15,102:205
15,103:11
15,104:774
15,105:33
15,106:606
15,107:768
15,108:624
15,109:492
15,110:306
16,5:481
16,6:206
16,7:384
16,8:98
16,9:581
16,13:487
16,14:642
16,15:45
16,17:715
16,18:313
16,19:476
16,20:636
16,21:619
16,22:101
16,23:597
16,24:309
16,25:247
16,26:66
16,27:96
16,28:473
16,29:7
16,30:376
16,31:631
16,32:700
16,33:408
16,34:394
16,36:496
16,37:35
16,38:713
16,39:281
16,40:82
16,41:36
16,42:87
16,44:331
16,45:268
16,46:577
16,47:155
16,50:594
16,51:420
16,52:41
16,54:14
16,55:531
16,56:655
16,57:243
16,58:82
16,59:386
16,60:451
16,61:395
16,62:178
16,63:587
16,64:401
16,65:1
16,66:201
16,67:501
16,68:660
16,69:508
16,70:618
16,71:130
16,72:202
16,73:318
16,74:216
16,75:390
16,76:385
16,77:536
16,78:118
16,79:423
16,80:498
16,81:407
16,82:581
16,83:569
16,84:347
16,85:735
16,86:263
16,87:703
16,88:57
16,89:196
16,90:42
17,5:234
17,6:509
17,7:331
17,8:617
17,9:134
17,13:228
17,14:73
17,15:760
17,16:715
17,18:402
17,19:239
17,20:79
17,21:96
17,22:614
17,23:118
17,24:406
17,25:468
17,26:649
17,27:811
17,28:242
17,29:722
17,30:339
17,31:84
17,32:15
17,33:307
17,34:321
17,35:793
17,37:680
17,38:2
17,39:434
17,40:633
17,41:679
17,42:802
17,43:281
17,45:447
17,46:138
17,47:560
17,48:623
17,49:448
17,51:295
17,52:674
17,53:288
17,54:701
17,55:184
17,56:60
17,57:472
17,58:797
17,59:329
17,60:264
17,61:320
17,62:537
17,63:128
17,64:314
17,65:716
17,66:514
17,67:214
17,68:55
17,69:207
17,70:97
17,71:585
17,72:513
17,73:397
17,74:499
17,75:325
17,76:330
17,77:179
17,78:597
17,79:292
17,80:217
17,81:308
17,82:134
17,83:146
17,84:368
17,85:20
17,86:452
17,87:12
17,88:658
17,89:519
17,90:757
18,5:168
18,6:107
18,7:71
18,8:215
18,9:268
18,13:174
18,14:329
18,15:358
18,16:313
18,17:402
18,19:163
18,20:323
18,21:306
18,22:212
18,23:284
18,24:4
18,25:66
18,26:247
18,27:409
18,28:160
18,29:320
18,30:63
18,31:318
18,32:387
18,33:95
18,34:81
18,35:391
18,36:183
18,38:400
18,39:32
18,40:231
18,41:277
18,42:400
18,43:121
18,44:18
18,46:264
18,47:158
18,48:221
18,49:46
18,50:281
18,52:272
18,53:114
18,54:299
18,55:218
18,56:342
18,57:70
18,58:395
18,59:73
18,60:138
18,61:82
18,62:135
18,63:274
18,64:88
18,65:314
18,66:112
18,67:188
18,68:347
18,69:195
18,70:305
18,71:183
18,72:111
18,73:5
18,74:97
18,75:77
18,76:72
18,77:223
18,78:195
18,79:110
18,80:185
18,81:94
18,82:268
18,83:256
18,84:34
18,85:422
18,86:50
18,87:390
18,88:256
18,89:117
18,90:355
19,5:5
19,6:270
19,7:92
19,8:378
19,9:105
19,13:11
19,14:166
19,15:521
19,16:476
19,17:239
19,18:163
19,20:160
19,21:143
19,22:375
19,23:121
19,24:167
19,25:229
19,26:410
19,27:572
19,28:3
19,29:483
19,30:100
19,31:155
19,32:224
19,33:68
19,34:82
19,35:554
19,36:20
19,37:441
19,39:195
19,40:394
19,41:440
19,42:563
19,43:42
19,44:145
19,45:208
19,47:321
19,48:384
19,49:209
19,50:118
19,51:56
19,53:49
19,54:462
19,55:55
19,56:179
19,57:233
19,58:558
19,59:90
19,60:25
19,61:81
19,62:298
19,63:111
19,64:75
19,65:477
19,66:275
19,67:25
19,68:184
19,69:32
19,70:142
19,71:346
19,72:274
19,73:158
19,74:260
19,75:86
19,76:91
19,77:60
19,78:358
19,79:53
19,80:22
19,81:69
19,82:105
19,83:93
19,84:129
19,85:259
19,86:213
19,87:227
19,88:419
19,89:280
19,90:518
20,5:155
20,6:430
20,7:252
20,8:538
20,9:55
20,13:149
20,14:6
20,15:681
20,16:636
20,17:79
20,18:323
20,19:160
20,21:17
20,22:535
20,23:39
20,24:327
20,25:389
20,26:570
20,27:732
20,28:163
20,29:643
20,30:260
20,31:5
20,32:64
20,33:228
20,34:242
20,35:714
20,36:140
20,37:601
20,38:77
20,39:355
20,40:554
20,41:600
20,42:723
20,43:202
20,44:305
20,45:368
20,46:59
20,47:481
20,48:544
20,49:369
20,50:42
20,51:216
20,52:595
20,53:209
20,54:622
20,55:105
20,56:19
20,57:393
20,58:718
20,59:250
20,60:185
20,61:241
20,62:458
20,63:49
20,64:235
20,65:637
20,66:435
20,67:135
20,68:24
20,69:128
20,70:18
20,71:506
20,72:434
20,73:318
20,74:420
20,75:246
20,76:251
20,77:100
20,78:518
20,79:213
20,80:138
20,81:229
20,82:55
20,83:67
20,84:289
20,85:99
20,86:373
20,87:67
20,88:579
20,89:440
20,90:678
20,91:210
21,5:138
21,6:413
21,7:235
21,8:521
21,9:38
21,13:132
21,14:23
21,15:664
21,16:619
21,17:96
21,18:306
21,19:143
21,20:17
21,22:518
21,23:22
21,24:310
21,25:372
21,26:553
21,27:715
21,28:146
21,29:626
21,30:243
21,31:12
21,32:81
21,33:211
21,34:225
21,35:697
21,36:123
21,37:584
21,38:94
21,39:338
21,40:537
21,41:583
21,42:706
21,43:185
21,44:288
21,45:351
21,46:42
21,47:464
21,48:527
21,49:352
21,50:25
21,51:199
21,52:578
21,53:192
21,54:605
21,55:88
21,56:36
21,57:376
21,58:701
21,59:233
21,60:168
21,61:224
21,62:441
21,63:32
21,64:218
21,65:620
21,66:418
21,67:118
21,68:41
21,69:111
21,70:1
21,71:489
21,72:417
21,73:301
21,74:403
21,75:229
21,76:234
21,77:83
21,78:501
21,79:196
21,80:121
21,81:212
21,82:38
21,83:50
21,84:272
21,85:116
21,86:356
21,87:84
21,88:562
21,89:423
21,90:661
21,91:193
21,92:59
21,93:98
21,94:19
21,95:16
21,96:198
21,97:156
21,98:709
21,99:216
21,100:696
21,101:226
21,102:459
21,103:653
21,104:110
21,105:697
21,106:58
21,107:104
21,108:40
21,109:172
21,110:358
21,111:308
22,5:380
22,6:105
22,7:283
22,8:3
22,9:480
22,13:386
22,15:146
22,16:101
22,17:614
22,18:212
22,19:375
22,20:535
22,21:518
22,23:496
22,24:208
22,25:146
22,26:35
22,27:197
22,28:372
22,29:108
22,30:275
22,31:530
22,32:599
22,33:307
22,34:293
22,35:179
22,36:395
22,37:66
22,38:612
22,41:65
22,42:188
22,43:333
22,44:230
22,45:167
22,46:476
22,47:54
22,48:9
22,49:166
22,50:493
22,51:319
22,52:60
22,53:326
22,54:87
22,55:430
22,56:554
22,57:142
22,58:183
22,59:285
22,60:350
22,61:294
22,62:77
22,63:486
22,64:300
22,65:102
22,66:100
22,67:400
22,68:559
22,69:407
22,70:517
22,71:29
22,72:101
22,73:217
22,74:115
22,75:289
22,76:284
22,77:435
22,78:17
22,79:322
22,80:397
22,81:306
22,82:480
22,83:468
22,84:246
22,85:634
22,86:162
22,87:602
22,88:44
22,89:95
22,90:143
23,5:116
23,6:391
23,7:213
23,8:499
23,9:16
23,13:110
23,15:642
23,16:597
23,17:118
23,18:284
23,19:121
23,20:39
23,21:22
23,22:496
23,24:288
23,25:350
23,26:531
23,27:693
23,28:124
23,29:604
23,30:221
23,31:34
23,32:103
23,33:189
23,34:203
23,35:675
23,36:101
23,37:562
23,38:116
23,39:316
23,40:515
23,42:684
23,43:163
23,44:266
23,45:329
23,46:20
23,47:442
23,48:505
23,49:330
23,50:3
23,51:177
23,52:556
23,53:170
23,54:583
23,55:66
23,56:58
23,57:354
23,58:679
23,59:211
23,60:146
23,61:202
23,62:419
23,63:10
23,64:196
23,65:598
23,66:396
23,67:96
23,68:63
23,71:467
23,72:395
23,74:381
23,76:212
23,80:99
23,81:190
23,82:16
23,86:334
23,87:106
23,90:639
24,5:172
24,6:103
24,7:75
24,8:211
24,9:272
24,13:178
24,15:354
24,16:309
24,17:406
24,18:4
24,19:167
24,20:327
24,21:310
24,22:208
24,23:288
24,25:62
24,26:243
24,27:405
24,28:164
24,29:316
24,30:67
24,31:322
24,32:391
24,33:99
24,34:85
24,35:387
24,36:187
24,37:274
24,38:404
24,39:28
24,40:227
24,41:273
24,42:396
24,43:125
24,44:22
24,45:41
24,46:268
24,47:154
24,48:217
24,49:42
24,50:285
24,51:111
24,52:268
24,53:118
24,54:295
24,55:222
24,56:346
24,57:66
24,58:391
24,59:77
24,60:142
24,61:86
24,62:131
24,63:278
24,64:92
24,65:310
24,66:108
24,67:192
24,68:351
24,69:199
24,70:309
24,71:179
24,72:107
24,74:93
24,76:76
24,80:189
24,81:98
24,82:272
24,86:46
24,87:394
24,90:351
25,5:234
25,6:41
25,7:137
25,8:149
25,9:334
25,13:240
25,15:292
25,16:247
25,17:468
25,18:66
25,19:229
25,20:389
25,21:372
25,22:146
25,23:350
25,24:62
25,26:181
25,27:343
25,28:226
25,29:254
25,30:129
25,31:384
25,32:453
25,33:161
25,34:147
25,35:325
25,36:249
25,37:212
25,38:466
25,39:34
25,40:165
25,41:211
25,43:187
25,44:84
25,45:21
25,46:330
25,48:155
25,49:20
25,50:347
25,51:173
25,52:206
25,53:180
26,5:415
26,6:140
26,7:318
26,8:32
26,9:515
26,13:421
26,14:576
26,16:66
26,17:649
26,18:247
26,19:410
26,20:570
26,21:553
26,22:35
26,23:531
26,24:243
26,25:181
26,27:162
26,28:407
26,29:73
26,30:310
26,31:565
26,32:634
26,33:342
26,34:328
26,35:144
26,36:430
26,37:31
26,38:647
26,39:215
26,40:16
26,41:30
26,42:153
26,43:368
26,44:265
26,45:202
26,46:511
26,47:89
26,48:26
26,49:201
26,50:528
26,51:354
26,52:25
26,53:361
26,54:52
26,55:465
26,56:589
26,57:177
26,58:148
26,59:320
26,60:385
26,61:329
26,62:112
26,63:521
26,64:335
26,65:67
26,66:135
26,67:435
26,68:594
26,69:442
26,70:552
26,71:64
26,72:136
26,73:252
26,74:150
26,75:324
26,76:319
26,77:470
26,78:52
26,79:357
26,80:432
26,81:341
26,82:515
26,83:503
26,84:281
26,85:669
26,86:197
26,87:637
26,88:9
26,89:130
26,90:108
26,91:360
26,92:612
26,93:651
26,94:572
26,95:537
26,96:355
26,97:397
26,98:156
26,99:337
26,100:143
26,101:327
26,102:94
26,103:100
26,104:663
26,105:144
26,106:495
26,107:657
26,108:513
26,109:381
26,110:195
27,5:577
27,6:302
27,7:480
27,8:194
27,9:677
27,13:583
27,14:738
27,15:51
27,17:811
27,18:409
27,19:572
27,20:732
27,21:715
27,22:197
27,23:693
27,24:405
27,25:343
27,26:162
27,28:569
27,29:89
27,30:472
27,31:727
27,32:796
27,33:504
27,34:490
27,35:18
27,36:592
27,37:131
27,38:809
27,39:377
27,40:178
27,41:132
27,42:9
27,44:427
27,45:364
27,46:673
27,47:251
27,50:690
27,51:516
27,52:137
27,54:110
27,55:627
27,56:751
27,57:339
27,58:14
27,59:482
27,60:547
27,61:491
27,62:274
27,63:683
27,64:497
27,65:95
27,66:297
27,67:597
27,68:756
27,69:604
27,70:714
27,71:226
27,72:298
27,73:414
27,74:312
27,75:486
27,76:481
27,77:632
27,78:214
27,79:519
27,80:594
27,81:503
27,82:677
27,83:665
27,84:443
27,85:831
27,86:359
27,87:799
27,88:153
27,89:292
27,90:54
28,5:8
28,6:267
28,7:89
28,8:375
28,9:108
28,13:14
28,14:169
28,15:518
28,16:473
28,18:160
28,19:3
28,20:163
28,21:146
28,22:372
28,23:124
28,24:164
28,25:226
28,26:407
28,27:569
28,29:480
28,30:97
28,31:158
28,32:227
28,33:65
28,34:79
28,35:551
28,36:23
28,37:438
28,38:240
28,39:192
28,40:391
28,41:437
28,42:560
28,43:39
28,45:205
28,46:104
28,47:318
28,48:381
28,49:206
28,51:53
28,52:432
28,53:46
28,54:459
28,55:58
28,56:182
28,57:230
28,58:555
28,59:87
28,60:22
28,61:78
28,62:295
28,63:114
28,64:72
28,65:474
28,66:272
28,67:28
28,68:187
28,69:35
28,70:145
28,71:343
28,72:271
28,73:155
28,74:257
28,75:83
28,76:88
28,77:63
28,78:355
28,79:50
28,80:25
28,81:66
28,82:108
28,83:96
28,84:126
28,85:262
28,86:210
28,87:230
28,88:416
28,89:277
28,90:515
29,5:488
29,6:213
29,7:391
29,8:105
29,9:588
29,13:494
29,14:649
29,15:38
29,16:7
29,17:722
29,19:483
29,20:643
29,21:626
29,22:108
29,23:604
29,24:316
29,25:254
29,26:73
29,27:89
29,28:480
29,30:383
29,31:638
29,32:707
29,33:415
29,34:401
29,35:71
29,36:503
29,37:42
29,38:720
29,39:288
29,40:89
29,41:43
29,42:80
29,43:441
29,44:338
29,46:584
29,47:162
29,48:99
29,49:274
29,50:601
29,52:48
29,53:434
29,54:21
29,55:538
29,56:662
29,57:250
29,58:75
29,59:393
29,60:458
29,61:402
29,62:185
29,63:594
29,64:408
29,65:6
29,66:208
29,67:508
29,68:667
29,69:515
29,70:625
29,71:137
29,72:209
29,73:325
29,74:223
29,75:397
29,76:392
29,77:543
29,78:125
29,79:430
29,80:505
29,81:414
29,82:588
29,83:576
29,84:354
29,85:742
29,86:270
29,87:710
29,88:64
29,89:203
29,90:35
30,5:105
30,6:170
30,7:8
30,8:278
30,9:205
30,13:111
30,14:266
30,15:421
30,16:376
30,17:339
30,18:63
30,20:260
30,21:243
30,22:275
30,23:221
30,24:67
30,25:129
30,26:310
30,27:472
30,28:97
30,29:383
30,31:255
30,32:324
30,33:32
30,34:18
30,35:454
30,36:120
30,37:341
30,38:337
30,39:95
30,40:294
30,41:340
30,42:463
30,43:58
30,44:45
30,45:108
30,47:221
30,48:284
30,49:109
30,50:218
30,51:44
30,53:51
30,54:362
30,55:155
30,56:279
30,57:133
30,58:458
30,59:10
30,60:75
30,61:19
30,62:198
30,63:211
30,64:25
30,65:377
30,66:175
30,67:125
30,68:284
30,69:132
30,70:242
30,71:246
30,72:174
30,73:58
30,74:160
30,75:14
30,76:9
30,77:160
30,78:258
30,79:47
30,80:122
30,81:31
30,82:205
30,83:193
30,84:29
30,85:359
30,86:113
30,87:327
30,88:319
30,89:180
30,90:418
31,5:150
31,6:425
31,7:247
31,8:533
31,9:50
31,13:144
31,15:676
31,16:631
31,17:84
31,18:318
31,19:155
31,20:5
31,21:12
31,23:34
31,24:322
31,25:384
31,26:565
31,27:727
31,28:158
31,29:638
31,30:255
31,32:69
31,33:223
31,34:237
31,35:709
31,36:135
31,37:596
31,38:82
31,39:350
31,41:595
31,42:718
31,43:197
31,44:300
31,45:363
31,46:54
31,47:476
31,48:539
31,49:364
31,50:37
31,51:211
31,52:590
31,53:204
31,54:617
31,55:100
31,56:24
31,57:388
31,58:713
31,59:245
31,60:180
31,61:236
31,62:453
31,63:44
31,64:230
31,65:632
31,66:430
31,67:130
31,68:29
31,69:123
31,70:13
31,71:501
31,72:429
31,73:313
31,74:415
31,75:241
31,76:246
31,77:95
31,78:513
31,79:208
31,80:133
31,81:224
31,82:50
31,83:62
31,84:284
31,85:104
31,86:368
31,87:72
31,88:574
31,89:435
31,90:673
31,91:205
31,92:47
31,93:86
31,94:7
31,95:28
31,96:210
31,97:168
31,98:721
31,99:228
31,100:708
31,101:238
31,102:471
31,103:665
31,104:98
31,105:709
31,106:70
31,107:92
31,108:52
31,109:184
31,110:370
32,5:219
32,6:494
32,7:316
32,8:602
32,13:213
32,15:745
32,16:700
32,17:15
32,18:387
32,19:224
32,20:64
32,21:81
32,22:599
32,24:391
32,25:453
32,26:634
32,27:796
32,28:227
32,29:707
32,30:324
32,31:69
32,33:292
32,34:306
32,35:778
32,36:204
32,37:665
32,38:13
32,39:419
32,40:618
32,41:664
32,42:787
32,43:266
32,44:369
32,45:432
32,46:123
32,47:545
32,48:608
32,49:433
32,50:106
32,51:280
32,52:659
32,53:273
32,54:686
32,55:169
32,56:45
32,57:457
32,58:782
32,59:314
32,60:249
32,61:305
32,62:522
32,63:113
32,64:299
32,65:701
32,66:499
32,67:199
32,68:40
32,71:570
32,72:498
32,74:484
32,76:315
32,80:202
32,81:293
32,82:119
32,86:437
32,87:3
32,90:742
33,5:73
33,6:202
33,7:24
33,8:310
33,9:173
33,13:79
33,15:453
33,16:408
33,17:307
33,18:95
33,19:68
33,20:228
33,21:211
33,22:307
33,24:99
33,25:161
33,26:342
33,27:504
33,28:65
33,29:415
33,30:32
33,31:223
33,32:292
33,34:14
33,35:486
33,36:88
33,37:373
33,38:305
33,39:127
33,40:326
33,41:372
33,42:495
33,43:26
33,44:77
33,45:140
33,46:169
33,47:253
33,48:316
33,49:141
33,50:186
33,51:12
33,52:367
33,53:19
33,54:394
33,55:123
33,56:247
33,57:165
33,58:490
33,59:22
33,60:43
33,61:13
33,62:230
33,63:179
33,64:7
33,65:409
33,66:207
33,67:93
33,68:252
33,69:100
33,70:210
33,71:278
33,72:206
33,73:90
33,74:192
33,75:18
33,76:23
33,77:128
33,78:290
33,79:15
33,80:90
33,81:1
33,82:173
33,83:161
33,84:61
33,85:327
33,86:145
33,87:295
33,88:351
33,89:212
33,90:450
33,91:18
33,92:270
33,93:309
33,94:230
33,95:195
33,96:13
33,97:55
33,98:498
33,99:5
33,100:485
33,101:15
33,102:248
33,103:442
33,104:321
33,105:486
33,106:153
33,107:315
33,108:171
33,109:39
33,110:147
33,111:97
34,5:87
34,6:188
34,7:10
34,8:296
34,9:187
34,13:93
34,15:439
34,16:394
34,17:321
34,18:81
34,19:82
34,20:242
34,21:225
34,22:293
34,23:203
34,24:85
34,26:328
34,27:490
34,28:79
34,29:401
34,30:18
34,31:237
34,32:306
34,33:14
34,35:472
34,36:102
34,37:359
34,38:319
34,39:113
34,40:312
34,41:358
34,42:481
34,43:40
34,44:63
34,45:126
34,46:183
34,48:302
34,49:127
34,50:200
34,51:26
34,52:353
34,53:33
35,5:559
35,6:284
35,7:462
35,8:176
35,9:659
35,13:565
35,14:720
35,15:33
35,17:793
35,18:391
35,19:554
35,20:714
35,21:697
35,22:179
35,23:675
35,24:387
35,25:325
35,26:144
35,28:551
35,29:71
35,30:454
35,31:709
35,32:778
35,33:486
35,34:472
35,36:574
35,37:113
35,38:791
35,39:359
35,40:160
35,41:114
35,42:9
35,43:512
35,44:409
35,45:346
35,46:655
35,47:233
35,50:672
35,51:498
35,52:119
35,54:92
35,55:609
35,56:733
35,57:321
35,58:4
35,59:464
35,60:529
35,61:473
35,62:256
35,63:665
35,64:479
35,65:77
35,66:279
35,67:579
35,68:738
35,69:586
35,70:696
35,71:208
35,72:280
35,73:396
35,74:294
35,75:468
35,76:463
35,77:614
35,78:196
35,79:501
35,80:576
35,81:485
35,82:659
35,83:647
35,84:425
35,85:813
35,86:341
35,87:781
35,88:135
35,89:274
35,90:36
36,5:15
36,6:290
36,7:112
36,8:398
36,9:85
36,13:9
36,14:146
36,15:541
36,16:496
36,18:183
36,19:20
36,20:140
36,21:123
36,22:395
36,23:101
36,24:187
36,25:249
36,26:430
36,27:592
36,29:503
36,30:120
36,31:135
36,32:204
36,33:88
36,34:102
36,35:574
36,37:461
36,38:217
36,39:215
36,40:414
36,41:460
36,42:583
36,43:62
36,44:165
36,45:228
36,46:81
36,47:341
36,48:404
36,49:229
36,51:76
36,52:455
36,53:69
36,54:482
36,55:35
36,56:159
36,57:253
36,58:578
36,59:110
36,60:45
36,61:101
36,62:318
36,63:91
36,64:95
36,65:497
36,66:295
36,67:5
36,68:164
36,69:12
36,70:122
36,71:366
36,72:294
36,73:178
36,74:280
36,75:106
36,76:111
36,77:40
36,78:378
36,79:73
36,80:2
36,81:89
36,82:85
36,83:73
36,84:149
36,85:239
36,86:233
36,87:207
36,88:439
36,89:300
36,90:538
36,91:70
37,5:446
37,6:171
37,7:349
37,8:63
37,9:546
37,13:452
37,14:607
37,15:80
37,16:35
37,17:680
37,19:441
37,20:601
37,21:584
37,22:66
37,23:562
37,24:274
37,25:212
37,26:31
37,27:131
37,28:438
37,30:341
37,31:596
37,32:665
37,33:373
37,34:359
37,35:113
37,36:461
37,38:678
37,39:246
37,40:47
37,41:1
37,42:122
37,43:399
37,44:296
37,45:233
37,46:542
37,47:120
37,48:57
37,49:232
37,50:559
37,52:6
37,53:392
37,54:21
37,55:496
37,56:620
37,57:208
37,58:117
37,59:351
37,60:416
37,61:360
37,62:143
37,63:552
37,64:366
37,65:36
37,66:166
37,67:466
37,68:625
37,69:473
37,70:583
37,71:95
37,72:167
37,73:283
37,74:181
37,75:355
37,76:350
37,77:501
37,78:83
37,79:388
37,80:463
37,81:372
37,82:546
37,83:534
37,84:312
37,85:700
37,86:228
37,87:668
37,88:22
37,89:161
37,90:77
37,91:391
38,5:232
38,6:507
38,7:329
38,8:615
38,9:132
38,13:226
38,14:71
38,15:758
38,16:713
38,17:2
38,18:400
38,20:77
38,21:94
38,22:612
38,23:116
38,24:404
38,25:466
38,26:647
38,27:809
38,28:240
38,29:720
38,31:82
38,32:13
38,33:305
38,34:319
38,35:791
38,36:217
38,37:678
38,39:432
38,40:631
38,41:677
38,42:800
38,43:279
38,44:382
38,45:445
38,46:136
38,47:558
38,48:621
38,49:446
38,50:119
38,51:293
38,53:286
38,54:699
38,55:182
38,56:58
38,57:470
38,58:795
38,59:327
38,60:262
38,61:318
38,62:535
38,63:126
38,64:312
38,65:714
38,66:512
38,67:212
38,68:53
38,69:205
38,70:95
38,71:583
38,72:511
38,73:395
38,74:497
38,75:323
38,76:328
38,77:177
38,78:595
38,79:290
38,80:215
38,81:306
38,82:132
38,83:144
38,84:366
38,85:22
38,86:450
38,87:10
38,88:656
38,89:517
38,90:755
38,91:287
39,7:103
39,8:183
39,9:300
39,13:206
39,15:326
39,16:281
39,17:434
39,18:32
39,19:195
39,20:355
39,21:338
39,23:316
39,24:28
39,25:34
39,26:215
39,27:377
39,28:192
39,29:288
39,30:95
39,32:419
39,33:127
39,34:113
39,35:359
39,36:215
39,37:246
39,38:432
39,40:199
39,41:245
39,42:368
39,43:153
39,44:50
39,45:13
39,46:296
39,47:126
39,48:189
39,49:14
39,50:313
39,51:139
39,52:240
39,53:146
39,54:267
39,55:250
39,56:374
39,57:38
39,58:363
39,59:105
39,60:170
39,61:114
39,62:103
39,63:306
39,64:120
39,65:282
39,66:80
39,67:220
39,68:379
39,69:227
39,70:337
39,71:151
39,72:79
39,73:37
39,74:65
39,75:109
39,76:104
39,77:255
39,78:163
39,79:142
39,80:217
39,81:126
39,82:300
39,83:288
39,84:66
39,85:454
39,86:18
39,87:422
39,88:224
39,89:85
39,90:323
39,91:145
39,92:397
39,93:436
39,94:357
39,95:322
39,96:140
39,97:182
39,98:371
39,99:122
39,100:358
39,101:112
39,102:121
39,103:315
39,104:448
39,105:359
39,106:280
39,107:442
39,108:298
39,109:166
39,110:20
40,7:302
40,8:16
40,9:499
40,13:405
40,15:127
40,16:82
40,17:633
40,18:231
40,19:394
40,20:554
40,21:537
40,23:515
40,24:227
40,25:165
40,26:16
40,27:178
40,28:391
40,29:89
40,30:294
40,32:618
40,33:326
40,34:312
40,35:160
40,36:414
40,37:47
40,38:631
40,41:46
40,42:169
40,43:352
40,44:249
40,45:186
40,46:495
40,47:73
40,48:10
40,49:185
40,50:512
40,51:338
40,52:41
40,53:345
40,54:68
40,55:449
40,56:573
40,57:161
40,58:164
40,59:304
40,60:369
40,61:313
40,62:96
40,63:505
40,64:319
40,65:83
40,66:119
40,67:419
40,68:578
40,69:426
40,70:536
40,71:48
40,72:120
40,73:236
40,74:134
40,75:308
40,76:303
40,77:454
40,78:36
40,79:341
40,80:416
40,81:325
40,82:499
40,83:487
40,84:265
40,85:653
40,86:181
40,87:621
40,88:25
40,89:114
40,90:124
40,91:344
40,92:596
40,93:635
40,94:556
40,95:521
40,96:339
40,97:381
40,98:172
40,99:321
40,100:159
40,101:311
40,102:78
40,103:116
40,104:647
40,105:160
40,106:479
40,107:641
40,108:497
40,109:365
40,110:179
40,111:229
41,5:445
41,6:170
41,7:348
41,8:62
41,13:451
41,15:81
41,16:36
41,17:679
41,18:277
41,19:440
41,20:600
41,21:583
41,22:65
41,24:273
41,25:211
41,26:30
41,27:132
41,28:437
41,29:43
41,30:340
41,31:595
41,33:372
41,34:358
41,35:114
41,36:460
41,37:1
41,38:677
41,39:245
41,40:46
41,42:123
41,43:398
41,44:295
41,45:232
41,46:541
41,47:119
41,48:56
41,49:231
41,50:558
41,51:384
41,52:5
41,53:391
41,54:22
41,55:495
41,56:619
41,57:207
41,58:118
41,59:350
41,60:415
41,61:359
41,62:142
41,63:551
41,64:365
41,65:37
41,66:165
41,67:465
41,68:624
41,69:472
41,70:582
41,71:94
41,72:166
41,74:180
41,76:349
41,80:462
41,81:371
41,82:545
41,86:227
41,87:667
41,90:78
42,5:568
42,6:293
42,7:471
42,8:185
42,9:668
42,13:574
42,15:42
42,16:87
42,17:802
42,18:400
42,19:563
42,20:723
42,21:706
42,22:188
42,23:684
42,24:396
42,26:153
42,27:9
42,28:560
42,29:80
42,30:463
42,31:718
42,32:787
42,33:495
42,35:9
42,36:583
42,37:122
42,38:800
42,39:368
42,40:169
42,41:123
42,43:521
42,44:418
42,45:355
42,46:664
42,47:242
42,48:179
42,49:354
42,50:681
42,51:507
42,52:128
42,53:514
43,5:47
43,6:228
43,7:50
43,8:336
43,9:147
43,13:53
43,14:208
43,15:479
43,17:281
43,18:121
43,19:42
43,20:202
43,21:185
43,22:333
43,23:163
43,24:125
43,25:187
43,26:368
43,28:39
43,29:441
43,30:58
43,31:197
43,32:266
43,33:26
43,34:40
43,36:62
43,37:399
43,38:279
43,39:153
43,40:352
43,41:398
43,42:521
43,44:103
43,45:166
43,46:143
43,47:279
43,48:342
43,49:167
43,50:160
43,51:14
43,52:393
43,54:420
43,55:97
43,56:221
43,57:191
43,58:516
43,59:48
43,60:17
43,61:39
43,62:256
43,63:153
43,64:33
43,65:435
43,66:233
43,67:67
43,68:226
43,69:74
43,70:184
43,71:304
43,72:232
43,73:116
43,74:218
43,75:44
43,76:49
43,77:102
43,78:316
43,79:11
43,80:64
43,81:27
43,82:147
43,83:135
43,84:87
43,85:301
43,86:171
43,87:269
43,88:377
43,89:238
43,90:476
44,5:150
44,6:125
44,7:53
44,8:233
44,9:250
44,13:156
44,14:311
44,15:376
44,16:331
44,18:18
44,19:145
44,20:305
44,21:288
44,22:230
44,23:266
44,24:22
44,25:84
44,26:265
44,27:427
44,29:338
44,30:45
44,31:300
44,32:369
44,33:77
44,34:63
44,35:409
44,37:296
44,38:382
44,39:50
44,40:249
44,41:295
44,42:418
44,43:103
44,45:63
44,46:246
44,47:176
44,48:239
44,49:64
44,50:263
44,51:89
44,52:290
44,53:96
44,54:317
44,55:200
44,56:324
44,57:88
44,58:413
44,59:55
44,60:120
44,61:64
44,62:153
44,63:256
44,64:70
44,65:332
44,66:130
44,67:170
44,68:329
44,69:177
44,70:287
44,71:201
44,72:129
44,73:13
44,74:115
44,75:59
44,76:54
44,77:205
44,78:213
44,79:92
44,80:167
44,81:76
44,82:250
44,83:238
44,84:16
44,85:404
44,86:68
44,87:372
44,88:274
44,89:135
44,90:373
44,91:95
44,92:347
44,93:386
44,94:307
44,95:272
44,96:90
44,97:132
44,98:421
44,99:72
44,100:408
44,101:62
44,102:171
44,103:365
44,104:398
44,105:409
44,106:230
44,107:392
44,108:248
44,109:116
44,110:70
45,5:213
45,6:62
45,7:116
45,8:170
45,9:313
45,13:219
45,14:374
45,15:313
45,16:268
45,17:447
45,19:208
45,20:368
45,21:351
45,22:167
45,23:329
45,24:41
45,25:21
45,26:202
45,27:364
45,28:205
45,30:108
45,31:363
45,32:432
45,33:140
45,34:126
45,35:346
45,36:228
45,38:445
45,39:13
45,40:186
45,41:232
45,42:355
45,43:166
45,44:63
45,46:309
45,47:113
45,48:176
45,49:1
45,50:326
45,51:152
45,52:227
45,53:159
45,54:254
45,55:263
45,56:387
45,57:25
45,58:350
45,59:118
45,60:183
45,61:127
45,62:90
45,63:319
45,64:133
45,65:269
45,66:67
45,67:233
45,68:392
45,69:240
45,70:350
45,71:138
45,72:66
45,73:50
45,74:52
45,75:122
45,76:117
45,77:268
45,78:150
45,79:155
45,80:230
45,81:139
45,82:313
45,83:301
45,84:79
45,85:467
45,86:5
45,87:435
45,88:211
45,89:72
45,90:310
45,91:158
45,92:410
45,93:449
45,94:370
45,95:335
45,96:153
45,97:195
45,98:358
45,99:135
45,100:345
45,101:125
45,102:108
45,103:302
45,104:461
45,105:346
45,106:293
45,107:455
45,108:311
45,109:179
45,110:7
46,5:96
46,6:371
46,7:193
46,8:479
46,9:4
46,13:90
46,14:65
46,15:622
46,16:577
46,17:138
46,18:264
46,20:59
46,21:42
46,22:476
46,23:20
46,24:268
46,25:330
46,26:511
46,27:673
46,28:104
46,29:584
46,31:54
46,32:123
46,33:169
46,34:183
46,35:655
46,36:81
46,37:542
46,39:296
46,40:495
46,41:541
46,42:664
46,43:143
46,44:246
46,45:309
46,47:422
46,48:485
46,49:310
46,50:17
46,51:157
46,52:536
46,53:150
46,54:563
46,55:46
46,56:78
46,57:334
46,58:659
46,59:191
46,60:126
46,61:182
46,62:399
46,63:10
46,64:176
46,65:578
46,66:376
46,67:76
46,68:83
46,69:69
46,70:41
46,71:447
46,72:375
46,73:259
46,74:361
46,75:187
46,76:192
46,77:41
46,78:459
46,79:154
46,80:79
46,81:170
46,82:4
46,83:8
46,84:230
46,85:158
46,86:314
46,87:126
46,88:520
46,89:381
46,90:619
46,91:151
46,92:101
46,93:140
46,94:61
46,95:26
46,96:156
46,97:114
46,98:667
46,99:174
46,100:654
46,101:184
46,102:417
46,103:611
46,104:152
46,105:655
46,106:16
46,107:146
46,108:2
46,109:130
46,110:316
47,5:326
47,6:51
47,7:229
47,8:57
47,9:426
47,13:332
47,15:200
47,16:155
47,17:560
47,18:158
47,19:321
47,20:481
47,21:464
47,22:54
47,23:442
47,24:154
47,26:89
47,27:251
47,28:318
47,29:162
47,30:221
47,31:476
47,32:545
47,33:253
47,35:233
47,36:341
47,37:120
47,38:558
47,39:126
47,40:73
47,41:119
47,43:279
47,44:176
47,45:113
47,46:422
47,48:63
47,49:112
47,50:439
47,51:265
47,52:114
47,53:272
47,54:141
47,55:376
47,56:500
47,57:88
47,58:237
47,59:231
47,60:296
48,5:389
48,6:114
48,7:292
48,8:6
48,9:489
48,13:395
48,14:550
48,15:137
48,17:623
48,18:221
48,19:384
48,20:544
48,21:527
48,22:9
48,23:505
48,24:217
48,25:155
48,26:26
48,28:381
48,29:99
48,30:284
48,31:539
48,32:608
48,33:316
48,34:302
48,36:404
48,37:57
48,38:621
48,39:189
48,40:10
48,41:56
48,42:179
48,44:239
48,45:176
48,46:485
48,47:63
48,49:175
48,50:502
48,51:328
48,52:51
48,53:335
48,54:78
48,55:439
48,56:563
48,57:151
48,58:174
48,59:294
48,60:359
48,61:303
48,62:86
48,63:495
48,64:309
48,65:93
48,66:109
48,67:409
48,68:568
48,69:416
48,70:526
48,71:38
48,72:110
48,73:226
48,74:124
48,75:298
48,76:293
48,77:444
48,78:26
48,79:331
48,80:406
48,81:315
48,82:489
48,83:477
48,84:255
48,85:643
48,86:171
48,87:611
48,88:35
48,89:104
48,90:134
48,91:334
48,92:586
48,93:625
48,94:546
48,95:511
48,96:329
48,97:371
48,98:182
48,99:311
48,100:169
48,101:301
48,102:68
48,103:126
48,104:637
48,105:170
48,106:469
48,107:631
48,108:487
48,109:355
48,110:169
49,5:214
49,6:61
49,7:117
49,8:169
49,9:314
49,13:220
49,14:375
49,15:312
49,17:448
49,18:46
49,19:209
49,20:369
49,21:352
49,22:166
49,23:330
49,24:42
49,25:20
49,26:201
49,28:206
49,29:274
49,30:109
49,31:364
49,32:433
49,33:141
49,34:127
49,36:229
49,37:232
49,38:446
49,39:14
49,40:185
49,41:231
49,42:354
49,44:64
49,45:1
49,46:310
49,47:112
49,48:175
49,50:327
49,51:153
49,52:226
49,53:160
49,54:253
49,55:264
49,56:388
49,57:24
49,58:349
49,59:119
49,60:184
49,61:128
49,62:89
49,63:320
49,64:134
49,65:268
49,66:66
49,67:234
49,68:393
49,69:241
49,70:351
49,71:137
49,72:65
49,73:51
49,74:51
49,75:123
49,76:118
49,77:269
49,78:149
49,79:156
49,80:231
49,81:140
49,82:314
49,83:302
49,84:80
49,85:468
49,86:4
49,87:436
49,88:210
49,89:71
49,90:309
49,91:159
50,5:113
50,6:388
50,7:210
50,8:496
50,9:13
50,13:107
50,14:48
50,15:639
50,16:594
50,18:281
50,19:118
50,20:42
50,21:25
50,22:493
50,23:3
50,24:285
50,25:347
50,26:528
50,27:690
50,29:601
50,30:218
50,31:37
50,32:106
50,33:186
50,34:200
50,35:672
50,37:559
50,38:119
50,39:313
50,40:512
50,41:558
50,42:681
50,43:160
50,45:326
50,46:17
50,47:439
50,48:502
50,49:327
50,51:174
50,52:553
50,53:167
50,54:580
50,55:63
50,56:61
50,57:351
50,58:676
50,59:208
50,60:143
50,61:199
50,62:416
50,63:7
50,64:193
50,65:595
50,66:393
50,67:93
50,68:66
50,69:86
50,70:24
50,71:464
50,72:392
50,73:276
50,74:378
50,75:204
50,76:209
50,77:58
50,78:476
50,79:171
50,80:96
50,81:187
50,82:13
50,83:25
50,84:247
50,85:141
50,86:331
50,87:109
50,88:537
50,89:398
50,90:636
50,91:168
50,92:84
50,93:123
50,94:44
50,95:9
50,96:173
50,97:131
50,98:684
50,99:191
50,100:671
50,101:201
50,102:434
50,103:628
50,104:135
50,105:672
50,106:33
50,107:129
50,108:15
50,109:147
50,110:333
50,111:283
51,5:61
51,6:214
51,7:36
51,8:322
51,9:161
51,13:67
51,14:222
51,15:465
51,16:420
51,17:295
51,19:56
51,20:216
51,21:199
51,22:319
51,23:177
51,24:111
51,25:173
51,26:354
51,27:516
51,28:53
51,30:44
51,31:211
51,32:280
51,33:12
51,34:26
51,35:498
51,36:76
51,38:293
51,39:139
51,40:338
51,41:384
51,42:507
51,43:14
51,44:89
51,46:157
51,47:265
51,48:328
51,49:153
51,50:174
51,52:379
51,53:7
51,54:406
51,55:111
51,56:235
51,57:177
51,58:502
51,59:34
51,60:31
51,61:25
51,62:242
51,63:167
51,64:19
51,65:421
51,66:219
51,67:81
51,68:240
51,69:88
51,70:198
51,71:290
51,72:218
51,73:102
51,74:204
51,75:30
51,76:35
51,77:116
51,78:302
51,79:3
51,80:78
51,81:13
51,82:161
51,83:149
51,84:73
51,85:315
51,86:157
51,87:283
51,88:363
51,89:224
51,90:462
51,91:6
51,92:258
51,93:297
51,94:218
51,95:183
51,96:1
51,97:43
51,98:510
51,99:17
51,100:497
51,101:27
51,102:260
51,103:454
51,104:309
51,105:498
51,106:141
51,107:303
51,108:159
51,109:27
51,110:159
51,111:109
52,5:440
52,6:165
52,7:343
52,8:57
52,9:540
52,13:446
52,14:601
52,15:86
52,16:41
52,17:674
52,18:272
52,20:595
52,21:578
52,22:60
52,23:556
52,24:268
52,25:206
52,26:25
52,27:137
52,28:432
52,29:48
52,31:590
52,32:659
52,33:367
52,34:353
52,35:119
52,36:455
52,37:6
52,39:240
52,40:41
52,41:5
52,42:128
52,43:393
52,44:290
52,45:227
52,47:114
52,48:51
52,49:226
52,50:553
52,51:379
52,53:386
52,54:27
52,55:490
52,56:614
52,57:202
52,58:123
52,59:345
52,60:410
52,61:354
52,62:137
52,63:546
52,64:360
52,65:42
52,66:160
52,67:460
52,68:619
52,69:467
52,70:577
52,71:89
52,72:161
52,73:277
52,74:175
52,75:349
52,76:344
52,77:495
52,78:77
52,79:382
52,80:457
52,81:366
52,82:540
52,83:528
52,84:306
52,85:694
52,86:222
52,87:662
52,88:16
52,89:155
52,90:83
52,91:385
52,92:637
52,93:676
52,94:597
52,95:562
52,96:380
52,97:422
52,98:131
52,99:362
52,100:118
52,101:352
52,102:119
52,103:75
52,104:688
52,105:119
52,106:520
52,107:682
52,108:538
52,109:406
52,110:220
52,111:270
53,5:54
53,6:221
53,7:43
53,8:329
53,9:154
53,13:60
53,14:215
53,15:472
53,17:288
53,18:114
53,19:49
53,20:209
53,21:192
53,22:326
53,23:170
53,24:118
53,25:180
53,26:361
53,28:46
53,29:434
53,30:51
53,31:204
53,32:273
53,33:19
53,34:33
53,36:69
53,37:392
53,38:286
53,39:146
53,40:345
53,41:391
53,42:514
53,44:96
53,45:159
53,46:150
53,47:272
53,49:160
53,50:167
53,51:7
53,52:386
53,54:413
53,55:104
53,56:228
53,57:184
53,58:509
53,59:41
53,60:24
53,61:32
53,62:249
53,63:160
53,64:26
53,65:428
53,66:226
53,67:74
53,68:233
53,69:81
53,70:191
53,71:297
53,72:225
53,73:109
53,74:211
53,75:37
53,76:42
53,77:109
53,78:309
53,79:4
53,80:71
53,81:20
53,82:154
53,83:142
53,84:80
53,85:308
53,86:164
53,87:276
53,88:370
53,89:231
53,90:469
53,91:1
53,92:251
53,93:290
53,94:211
53,95:176
53,96:6
53,97:36
53,98:517
53,99:24
53,100:504
53,101:34
53,102:267
53,103:461
53,104:302
53,105:505
53,106:134
53,107:296
53,108:152
53,109:20
53,110:166
53,111:116
54,5:467
54,6:192
54,7:370
54,8:84
54,9:567
54,13:473
54,15:59
54,16:14
54,17:701
54,18:299
54,19:462
54,20:622
54,21:605
54,22:87
54,23:583
54,24:295
54,26:52
54,27:110
54,28:459
54,29:21
54,30:362
54,31:617
54,32:686
54,33:394
54,35:92
54,36:482
54,37:21
54,38:699
54,39:267
54,40:68
54,41:22
54,43:420
54,44:317
54,45:254
54,46:563
54,48:78
54,49:253
54,50:580
54,51:406
54,52:27
54,53:413
54,55:517
54,56:641
54,57:229
54,58:96
54,59:372
54,60:437
54,61:381
54,62:164
54,63:573
54,64:387
54,65:15
54,66:187
54,67:487
54,68:646
54,69:494
54,70:604
54,71:116
54,72:188
54,74:202
54,76:371
54,80:484
54,81:393
54,82:567
54,86:249
54,87:689
54,90:56
55,5:50
55,6:325
55,7:147
55,8:433
55,9:50
55,13:44
55,15:576
55,16:531
55,17:184
55,18:218
55,19:55
55,20:105
55,21:88
55,22:430
55,23:66
55,24:222
55,26:465
55,27:627
55,28:58
55,29:538
55,30:155
55,31:100
55,32:169
55,33:123
55,35:609
55,36:35
55,37:496
55,38:182
55,39:250
55,40:449
55,41:495
55,43:97
55,44:200
55,45:263
55,46:46
55,48:439
55,49:264
55,50:63
55,51:111
55,52:490
55,53:104
55,54:517
55,56:124
55,57:288
55,58:613
55,59:145
55,60:80
55,61:136
55,62:353
55,63:56
55,64:130
55,65:532
55,66:330
55,67:30
55,68:129
55,72:329
55,74:315
55,76:146
55,80:33
55,81:124
55,82:50
55,86:268
55,87:172
55,90:573
56,5:174
