<number of tasks>
111

<cycle time>
6837

<task times>
1 1960
2 1715
3 735
4 1715
5 490
6 1225
7 169
8 2252
9 1225
10 2319
11 1715
12 980
13 735
14 2281
15 2750
16 77
17 89
18 51
19 364
20 405
21 3060
22 125
23 3429
24 43
25 3430
26 1960
27 29
28 27
29 15
30 121
31 1715
32 2127
33 1470
34 4037
35 68
36 62
37 42
38 364
39 4998
40 1470
41 2963
42 5689
43 68
44 18
45 10
46 81
47 5200
48 39
49 67
50 27
51 15
52 121
53 58
54 1715
55 125
56 4010
57 1470
58 1470
59 2303
60 1960
61 2205
62 4018
63 2744
64 2999
65 735
66 735
67 735
68 735
69 545
70 3386
71 3234
72 2205
73 2206
74 490
75 825
76 3528
77 3568
78 1200
79 618
80 1470
81 1715
82 735
83 1960
84 2889
85 618
86 490
87 735
88 490
89 921
90 326
91 5390
92 243
93 371
94 58
95 5059
96 1225
97 769
98 768
99 1670
100 1670
101 490
102 202
103 203
104 202
105 2744
106 162
107 324
108 162
109 121
110 162
111 91

<precedence relations>
1,2
2,3
3,4
4,5
4,6
4,7
4,8
4,9
4,10
5,39
6,39
7,83
8,71
9,32
10,11
10,12
11,13
11,14
11,15
11,16
11,17
11,18
11,19
11,20
11,21
12,13
12,14
12,15
12,16
12,17
12,18
12,19
12,20
12,21
13,71
14,22
14,23
14,24
14,25
15,26
16,27
17,28
18,29
19,30
20,91
21,111
22,31
22,83
23,32
23,33
24,69
24,70
25,34
26,82
27,35
28,36
29,37
30,38
31,39
32,41
33,111
34,42
35,43
36,44
36,91
37,45
37,91
38,46
38,91
39,40
40,111
41,69
41,70
42,47
43,48
43,49
44,50
45,51
46,52
47,54
47,55
47,56
47,57
47,58
47,59
47,60
48,53
49,91
50,111
51,111
52,111
53,111
54,69
54,70
55,61
55,62
55,63
56,63
56,64
57,65
57,91
58,66
58,91
59,67
59,91
60,68
60,91
61,69
61,70
62,71
63,111
64,72
65,111
66,111
67,111
68,111
69,77
69,78
70,73
71,91
72,74
73,75
74,76
75,77
75,78
75,79
76,80
76,81
76,82
77,83
78,84
79,85
80,86
80,91
81,87
81,91
82,111
83,91
84,88
84,89
84,91
85,111
86,111
87,90
88,105
89,105
90,111
91,92
91,93
91,94
92,95
93,95
94,95
95,96
95,97
95,98
95,99
95,100
95,104
96,101
97,102
98,103
99,111
100,111
101,105
102,106
102,107
103,107
103,108
104,111
105,111
106,109
107,111
108,110
109,111
110,111

<setup times forward>
1,2:465
2,3:645
3,4:340
4,5:50
4,6:422
4,7:182
4,8:567
4,9:84
4,10:333
5,6:372
5,7:132
5,8:517
5,9:134
5,10:283
5,11:633
5,12:176
5,13:8
5,14:217
5,15:709
5,16:649
5,17:316
5,18:228
5,19:7
5,20:209
5,21:186
5,22:513
5,23:156
5,24:232
5,25:317
5,26:561
5,27:779
5,28:11
5,29:659
5,30:143
5,31:202
5,32:295
5,33:99
5,34:118
5,35:754
5,36:19
5,37:602
5,38:313
5,39:271
5,41:601
5,42:767
5,43:63
5,44:203
5,45:287
5,46:129
5,47:440
5,48:526
5,49:289
5,50:152
5,51:82
5,52:594
5,53:73
5,54:631
5,55:68
5,56:235
5,57:321
5,58:760
5,59:129
5,60:41
5,61:117
5,62:409
5,63:143
5,64:108
5,65:650
5,66:378
5,67:27
5,68:241
5,69:35
5,70:184
5,71:474
5,72:377
5,73:220
5,74:358
5,75:123
5,76:129
5,77:74
5,78:489
5,79:79
5,80:23
5,81:100
5,82:135
5,83:118
5,84:181
5,85:343
5,86:295
5,87:299
5,88:572
5,89:385
5,90:706
5,91:75
5,92:265
5,93:317
5,94:211
5,95:164
5,96:81
5,97:24
5,98:771
5,99:106
5,100:753
5,101:119
5,102:434
5,103:696
5,104:334
5,105:754
5,106:108
5,107:326
5,108:132
5,109:46
5,110:297
6,5:372
6,7:240
6,8:145
6,9:506
6,10:89
6,11:261
6,12:196
6,13:380
6,14:589
6,15:337
6,16:277
6,17:688
6,18:144
6,19:365
6,20:581
6,21:558
6,22:141
6,23:528
6,24:140
6,25:55
6,26:189
6,27:407
6,28:361
6,29:287
6,30:229
6,31:574
6,32:667
6,33:273
6,34:254
6,35:382
6,36:391
6,37:230
6,38:685
6,39:101
6,41:229
6,42:395
6,43:309
6,44:169
6,45:85
6,46:501
6,47:68
6,48:154
6,49:83
6,50:524
6,51:290
6,52:222
6,53:299
6,54:259
6,55:440
6,56:607
6,57:51
6,58:388
6,59:243
6,60:331
6,61:255
6,62:37
6,63:515
6,64:264
6,65:278
6,66:6
6,67:399
6,68:613
6,69:407
6,70:556
6,71:102
6,72:5
6,73:152
6,74:14
6,75:249
6,76:243
6,77:446
6,78:117
6,79:293
6,80:395
6,81:272
6,82:507
6,83:490
6,84:191
6,85:715
6,86:77
6,87:671
6,88:200
6,89:13
6,90:334
6,91:297
6,92:637
6,93:689
6,94:583
6,95:536
6,96:291
6,97:348
6,98:399
6,99:266
6,100:381
6,101:253
6,102:62
6,103:324
6,104:706
6,105:382
6,106:480
6,107:698
6,108:504
6,109:326
6,110:75
7,5:132
7,6:240
7,8:385
7,9:266
7,10:151
7,11:501
7,12:44
7,13:140
7,14:349
7,15:577
7,16:517
7,17:448
7,18:96
7,19:125
7,20:341
7,21:318
7,22:381
7,23:288
7,24:100
7,25:185
7,26:429
7,27:647
7,28:121
7,29:527
7,30:11
7,31:334
7,32:427
7,33:33
7,34:14
7,35:622
7,36:151
7,37:470
7,38:445
7,39:139
7,40:406
7,41:469
7,42:635
7,43:69
7,44:71
7,45:155
7,46:261
7,47:308
7,48:394
7,49:157
7,50:284
7,51:50
7,52:462
7,53:59
7,54:499
7,55:200
7,56:367
7,57:189
7,58:628
7,59:3
7,60:91
7,61:15
7,62:277
7,63:275
7,64:24
7,65:518
7,66:246
7,67:159
7,68:373
7,69:167
7,70:316
7,71:342
7,72:245
7,73:88
7,74:226
7,75:9
7,76:3
7,77:206
7,78:357
7,79:53
7,80:155
7,81:32
7,82:267
7,83:250
7,84:49
7,85:475
7,86:163
7,87:431
7,88:440
7,89:253
7,90:574
8,5:517
8,6:145
8,7:385
8,9:651
8,10:234
8,11:116
8,12:341
8,13:525
8,14:734
8,15:192
8,16:132
8,17:833
8,18:289
8,19:510
8,20:726
8,21:703
8,22:4
8,23:673
8,24:285
8,25:200
8,26:44
8,27:262
8,28:506
8,29:142
8,30:374
8,31:719
8,32:812
8,33:418
8,34:399
8,35:237
8,36:536
8,37:85
8,38:830
8,39:246
8,40:21
8,41:84
8,42:250
8,43:454
8,44:314
8,45:230
8,46:646
8,47:77
8,48:9
8,49:228
8,50:669
8,51:435
8,52:77
8,53:444
8,54:114
8,55:585
8,56:752
8,57:196
8,58:243
8,59:388
8,60:476
8,61:400
8,62:108
8,63:660
8,64:409
8,65:133
8,66:139
8,67:544
8,68:758
8,69:552
8,70:701
8,71:43
8,72:140
8,73:297
8,74:159
8,75:394
8,76:388
8,77:591
8,78:28
8,79:438
8,80:540
8,81:417
8,82:652
8,83:635
8,84:336
8,85:860
8,86:222
8,87:816
8,88:55
8,89:132
8,90:189
9,5:134
9,6:506
9,7:266
9,8:651
9,10:417
9,11:767
9,12:310
9,13:126
9,14:83
9,15:843
9,16:783
9,17:182
9,18:362
9,19:141
9,20:75
9,21:52
9,22:647
9,23:22
9,24:366
9,25:451
9,26:695
9,27:913
9,28:145
9,29:793
9,30:277
9,31:68
9,32:161
9,33:233
9,34:252
9,35:888
9,36:115
9,37:736
9,38:179
9,39:405
9,40:672
9,42:901
9,43:197
9,44:337
9,45:421
9,46:5
9,47:574
9,48:660
9,49:423
9,50:18
9,51:216
9,52:728
9,53:207
9,54:765
9,55:66
9,56:101
9,57:455
9,58:894
9,59:263
9,60:175
9,61:251
9,62:543
9,63:9
9,64:242
9,65:784
9,66:512
9,67:107
9,68:107
9,71:608
9,72:511
9,74:492
9,76:263
9,80:111
9,81:234
9,82:1
9,86:429
9,87:165
9,90:840
10,5:283
10,6:89
10,7:151
10,8:234
10,9:417
10,11:350
10,12:107
11,5:633
11,6:261
11,7:501
11,8:116
11,9:767
11,12:457
11,13:641
11,14:850
11,15:76
11,16:16
11,17:949
11,18:405
11,19:626
11,20:842
11,21:819
12,5:176
12,6:196
12,7:44
12,8:341
12,9:310
12,11:457
12,13:184
12,14:393
12,15:533
12,16:473
12,17:492
12,18:52
12,19:169
12,20:385
12,21:362
13,5:8
13,6:380
13,7:140
13,8:525
13,9:126
13,14:209
13,15:717
13,16:657
13,17:308
13,18:236
13,19:15
13,20:201
13,21:178
13,22:521
13,23:148
13,24:240
13,25:325
13,26:569
13,27:787
13,28:19
13,29:667
13,30:151
13,31:194
13,32:287
13,33:107
13,34:126
13,35:762
13,36:11
13,37:610
13,38:305
13,39:279
13,40:546
13,41:609
13,42:775
13,43:71
13,44:211
13,45:295
13,46:121
13,47:448
13,48:534
13,49:297
13,50:144
13,51:90
13,52:602
13,53:81
13,54:639
13,55:60
13,56:227
13,57:329
13,58:768
13,59:137
13,60:49
13,61:125
13,62:417
13,63:135
13,64:116
13,65:658
13,66:386
13,67:19
13,68:233
13,69:27
13,70:176
13,71:482
13,72:385
13,73:228
13,74:366
13,75:131
13,76:137
13,77:66
13,78:497
13,79:87
13,80:15
13,81:108
13,82:127
13,83:110
13,84:189
13,85:335
13,86:303
13,87:291
13,88:580
13,89:393
13,90:714
14,5:217
14,6:589
14,7:349
14,8:734
14,9:83
14,13:209
14,15:926
14,16:866
14,17:99
14,18:445
14,19:224
14,20:8
14,21:31
14,22:730
14,23:61
14,24:449
14,25:534
14,26:778
14,27:996
14,28:228
14,29:876
14,30:360
14,35:971
14,36:198
14,37:819
14,38:96
14,43:280
14,44:420
14,45:504
14,46:88
14,48:743
14,49:506
14,50:65
14,51:299
14,52:811
14,53:290
15,5:709
15,6:337
15,7:577
15,8:192
15,9:843
15,13:717
15,14:926
15,16:60
15,17:1025
15,18:481
15,19:702
15,20:918
15,21:895
15,22:196
15,23:865
15,24:477
15,25:392
15,26:148
15,27:70
15,28:698
15,29:50
15,30:566
15,31:911
15,32:1004
15,33:610
15,34:591
15,35:45
15,36:728
15,37:107
15,38:1022
15,39:438
15,40:171
15,41:108
15,42:58
15,43:646
15,44:506
15,45:422
15,46:838
15,47:269
15,48:183
15,49:420
15,50:861
15,51:627
15,52:115
15,53:636
15,54:78
15,55:777
15,56:944
15,57:388
15,58:51
15,59:580
15,60:668
15,61:592
15,62:300
15,63:852
15,64:601
15,65:59
15,66:331
15,67:736
15,68:950
15,69:744
15,70:893
15,71:235
15,72:332
15,73:489
15,74:351
15,75:586
15,76:580
15,77:783
15,78:220
15,79:630
15,80:732
15,81:609
15,83:827
15,84:528
15,85:1052
15,86:414
15,87:1008
15,88:137
15,89:324
15,90:3
15,91:634
15,92:974
15,93:1026
15,94:920
15,95:873
15,96:628
15,97:685
15,98:62
15,99:603
15,100:44
15,101:590
15,102:275
15,103:13
15,104:1043
15,105:45
15,106:817
15,107:1035
15,108:841
15,109:663
15,110:412
16,5:649
16,6:277
16,7:517
16,8:132
16,9:783
16,13:657
16,14:866
16,15:60
16,17:965
16,18:421
16,19:642
16,20:858
16,21:835
16,22:136
16,23:805
16,24:417
16,25:332
16,26:88
16,27:130
16,28:638
16,29:10
16,30:506
16,31:851
16,32:944
16,33:550
16,34:531
16,36:668
16,37:47
16,38:962
16,39:378
16,40:111
16,41:48
16,42:118
16,44:446
16,45:362
16,46:778
16,47:209
16,50:801
16,51:567
16,52:55
16,54:18
16,55:717
16,56:884
16,57:328
16,58:111
16,59:520
16,60:608
16,61:532
16,62:240
16,63:792
16,64:541
16,65:1
16,66:271
16,67:676
16,68:890
16,69:684
16,70:833
16,71:175
16,72:272
16,73:429
16,74:291
16,75:526
16,76:520
16,77:723
16,78:160
16,79:570
16,80:672
16,81:549
16,82:784
16,83:767
16,84:468
16,85:992
16,86:354
16,87:948
16,88:77
16,89:264
16,90:57
17,5:316
17,6:688
17,7:448
17,8:833
17,9:182
17,13:308
17,14:99
17,15:1025
17,16:965
17,18:544
17,19:323
17,20:107
17,21:130
17,22:829
17,23:160
17,24:548
17,25:633
17,26:877
17,27:1095
17,28:327
17,29:975
17,30:459
17,31:114
17,32:21
17,33:415
17,34:434
17,35:1070
17,37:918
17,38:3
17,39:587
17,40:854
17,41:917
17,42:1083
17,43:379
17,45:603
17,46:187
17,47:756
17,48:842
17,49:605
17,51:398
17,52:910
17,53:389
17,54:947
17,55:248
17,56:81
17,57:637
17,58:1076
17,59:445
17,60:357
17,61:433
17,62:725
17,63:173
17,64:424
17,65:966
17,66:694
17,67:289
17,68:75
17,69:281
17,70:132
17,71:790
17,72:693
17,73:536
17,74:674
17,75:439
17,76:445
17,77:242
17,78:805
17,79:395
17,80:293
17,81:416
17,82:181
17,83:198
17,84:497
17,85:27
17,86:611
17,87:17
17,88:888
17,89:701
17,90:1022
18,5:228
18,6:144
18,7:96
18,8:289
18,9:362
18,13:236
18,14:445
18,15:481
18,16:421
18,17:544
18,19:221
18,20:437
18,21:414
18,22:285
18,23:384
18,24:4
18,25:89
18,26:333
18,27:551
18,28:217
18,29:431
18,30:85
18,31:430
18,32:523
18,33:129
18,34:110
18,35:526
18,36:247
18,38:541
18,39:43
18,40:310
18,41:373
18,42:539
18,43:165
18,44:25
18,46:357
18,47:212
18,48:298
18,49:61
18,50:380
18,52:366
18,53:155
18,54:403
18,55:296
18,56:463
18,57:93
18,58:532
18,59:99
18,60:187
18,61:111
18,62:181
18,63:371
18,64:120
18,65:422
18,66:150
18,67:255
18,68:469
18,69:263
18,70:412
18,71:246
18,72:149
18,73:8
18,74:130
18,75:105
18,76:99
18,77:302
18,78:261
18,79:149
18,80:251
18,81:128
18,82:363
18,83:346
18,84:47
18,85:571
18,86:67
18,87:527
18,88:344
18,89:157
18,90:478
19,5:7
19,6:365
19,7:125
19,8:510
19,9:141
19,13:15
19,14:224
19,15:702
19,16:642
19,17:323
19,18:221
19,20:216
19,21:193
19,22:506
19,23:163
19,24:225
19,25:310
19,26:554
19,27:772
19,28:4
19,29:652
19,30:136
19,31:209
19,32:302
19,33:92
19,34:111
19,35:747
19,36:26
19,37:595
19,39:264
19,40:531
19,41:594
19,42:760
19,43:56
19,44:196
19,45:280
19,47:433
19,48:519
19,49:282
19,50:159
19,51:75
19,53:66
19,54:624
19,55:75
19,56:242
19,57:314
19,58:753
19,59:122
19,60:34
19,61:110
19,62:402
19,63:150
19,64:101
19,65:643
19,66:371
19,67:34
19,68:248
19,69:42
19,70:191
19,71:467
19,72:370
19,73:213
19,74:351
19,75:116
19,76:122
19,77:81
19,78:482
19,79:72
19,80:30
19,81:93
19,82:142
19,83:125
19,84:174
19,85:350
19,86:288
19,87:306
19,88:565
19,89:378
19,90:699
20,5:209
20,6:581
20,7:341
20,8:726
20,9:75
20,13:201
20,14:8
20,15:918
20,16:858
20,17:107
20,18:437
20,19:216
20,21:23
20,22:722
20,23:53
20,24:441
20,25:526
20,26:770
20,27:988
20,28:220
20,29:868
20,30:352
20,31:7
20,32:86
20,33:308
20,34:327
20,35:963
20,36:190
20,37:811
20,38:104
20,39:480
20,40:747
20,41:810
20,42:976
20,43:272
20,44:412
20,45:496
20,46:80
20,47:649
20,48:735
20,49:498
20,50:57
20,51:291
20,52:803
20,53:282
20,54:840
20,55:141
20,56:26
20,57:530
20,58:969
20,59:338
20,60:250
20,61:326
20,62:618
20,63:66
20,64:317
20,65:859
20,66:587
20,67:182
20,68:32
20,69:174
20,70:25
20,71:683
20,72:586
20,73:429
20,74:567
20,75:332
20,76:338
20,77:135
20,78:698
20,79:288
20,80:186
20,81:309
20,82:74
20,83:91
20,84:390
20,85:134
20,86:504
20,87:90
20,88:781
20,89:594
20,90:915
20,91:284
21,5:186
21,6:558
21,7:318
21,8:703
21,9:52
21,13:178
21,14:31
21,15:895
21,16:835
21,17:130
21,18:414
21,19:193
21,20:23
21,22:699
21,23:30
21,24:418
21,25:503
21,26:747
21,27:965
21,28:197
21,29:845
21,30:329
21,31:16
21,32:109
21,33:285
21,34:304
21,35:940
21,36:167
21,37:788
21,38:127
21,39:457
21,40:724
21,41:787
21,42:953
21,43:249
21,44:389
21,45:473
21,46:57
21,47:626
21,48:712
21,49:475
21,50:34
21,51:268
21,52:780
21,53:259
21,54:817
21,55:118
21,56:49
21,57:507
21,58:946
21,59:315
21,60:227
21,61:303
21,62:595
21,63:43
21,64:294
21,65:836
21,66:564
21,67:159
21,68:55
21,69:151
21,70:2
21,71:660
21,72:563
21,73:406
21,74:544
21,75:309
21,76:315
21,77:112
21,78:675
21,79:265
21,80:163
21,81:286
21,82:51
21,83:68
21,84:367
21,85:157
21,86:481
21,87:113
21,88:758
21,89:571
21,90:892
21,91:261
21,92:79
21,93:131
21,94:25
21,95:22
21,96:267
21,97:210
21,98:957
21,99:292
21,100:939
21,101:305
21,102:620
21,103:882
21,104:148
21,105:940
21,106:78
21,107:140
21,108:54
21,109:232
21,110:483
21,111:416
22,5:513
22,6:141
22,7:381
22,8:4
22,9:647
22,13:521
22,15:196
22,16:136
22,17:829
22,18:285
22,19:506
22,20:722
22,21:699
22,23:669
22,24:281
22,25:196
22,26:48
22,27:266
22,28:502
22,29:146
22,30:370
22,31:715
22,32:808
22,33:414
22,34:395
22,35:241
22,36:532
22,37:89
22,38:826
22,41:88
22,42:254
22,43:450
22,44:310
22,45:226
22,46:642
22,47:73
22,48:13
22,49:224
22,50:665
22,51:431
22,52:81
22,53:440
22,54:118
22,55:581
22,56:748
22,57:192
22,58:247
22,59:384
22,60:472
22,61:396
22,62:104
22,63:656
22,64:405
22,65:137
22,66:135
22,67:540
22,68:754
22,69:548
22,70:697
22,71:39
22,72:136
22,73:293
22,74:155
22,75:390
22,76:384
22,77:587
22,78:24
22,79:434
22,80:536
22,81:413
22,82:648
22,83:631
22,84:332
22,85:856
22,86:218
22,87:812
22,88:59
22,89:128
22,90:193
23,5:156
23,6:528
23,7:288
23,8:673
23,9:22
23,13:148
23,15:865
23,16:805
23,17:160
23,18:384
23,19:163
23,20:53
23,21:30
23,22:669
23,24:388
23,25:473
23,26:717
23,27:935
23,28:167
23,29:815
23,30:299
23,31:46
23,32:139
23,33:255
23,34:274
23,35:910
23,36:137
23,37:758
23,38:157
23,39:427
23,40:694
23,42:923
23,43:219
23,44:359
23,45:443
23,46:27
23,47:596
23,48:682
23,49:445
23,50:4
23,51:238
23,52:750
23,53:229
23,54:787
23,55:88
23,56:79
23,57:477
23,58:916
23,59:285
23,60:197
23,61:273
23,62:565
23,63:13
23,64:264
23,65:806
23,66:534
23,67:129
23,68:85
23,71:630
23,72:533
23,74:514
23,76:285
23,80:133
23,81:256
23,82:21
23,86:451
23,87:143
23,90:862
24,5:232
24,6:140
24,7:100
24,8:285
24,9:366
24,13:240
24,15:477
24,16:417
24,17:548
24,18:4
24,19:225
24,20:441
24,21:418
24,22:281
24,23:388
24,25:85
24,26:329
24,27:547
24,28:221
24,29:427
24,30:89
24,31:434
24,32:527
24,33:133
24,34:114
24,35:522
24,36:251
24,37:370
24,38:545
24,39:39
24,40:306
24,41:369
24,42:535
24,43:169
24,44:29
24,45:55
24,46:361
24,47:208
24,48:294
24,49:57
24,50:384
24,51:150
24,52:362
24,53:159
24,54:399
24,55:300
24,56:467
24,57:89
24,58:528
24,59:103
24,60:191
24,61:115
24,62:177
24,63:375
24,64:124
24,65:418
24,66:146
24,67:259
24,68:473
24,69:267
24,70:416
24,71:242
24,72:145
24,74:126
24,76:103
24,80:255
24,81:132
24,82:367
24,86:63
24,87:531
24,90:474
25,5:317
25,6:55
25,7:185
25,8:200
25,9:451
25,13:325
25,15:392
25,16:332
25,17:633
25,18:89
25,19:310
25,20:526
25,21:503
25,22:196
25,23:473
25,24:85
25,26:244
25,27:462
25,28:306
25,29:342
25,30:174
25,31:519
25,32:612
25,33:218
25,34:199
25,35:437
25,36:336
25,37:285
25,38:630
25,39:46
25,40:221
25,41:284
25,43:254
25,44:114
25,45:30
25,46:446
25,48:209
25,49:28
25,50:469
25,51:235
25,52:277
25,53:244
26,5:561
26,6:189
26,7:429
26,8:44
26,9:695
26,13:569
26,14:778
26,16:88
26,17:877
26,18:333
26,19:554
26,20:770
26,21:747
26,22:48
26,23:717
26,24:329
26,25:244
26,27:218
26,28:550
26,29:98
26,30:418
26,31:763
26,32:856
26,33:462
26,34:443
26,35:193
26,36:580
26,37:41
26,38:874
26,39:290
26,40:23
26,41:40
26,42:206
26,43:498
26,44:358
26,45:274
26,46:690
26,47:121
26,48:35
26,49:272
26,50:713
26,51:479
26,52:33
26,53:488
26,54:70
26,55:629
26,56:796
26,57:240
26,58:199
26,59:432
26,60:520
26,61:444
26,62:152
26,63:704
26,64:453
26,65:89
26,66:183
26,67:588
26,68:802
26,69:596
26,70:745
26,71:87
26,72:184
26,73:341
26,74:203
26,75:438
26,76:432
26,77:635
26,78:72
26,79:482
26,80:584
26,81:461
26,82:696
26,83:679
26,84:380
26,85:904
26,86:266
26,87:860
26,88:11
26,89:176
26,90:145
26,91:486
26,92:826
26,93:878
26,94:772
26,95:725
26,96:480
26,97:537
26,98:210
26,99:455
26,100:192
26,101:442
26,102:127
26,103:135
26,104:895
26,105:193
26,106:669
26,107:887
26,108:693
26,109:515
26,110:264
27,5:779
27,6:407
27,7:647
27,8:262
27,9:913
27,13:787
27,14:996
27,15:70
27,17:1095
27,18:551
27,19:772
27,20:988
27,21:965
27,22:266
27,23:935
27,24:547
27,25:462
27,26:218
27,28:768
27,29:120
27,30:636
27,31:981
27,32:1074
27,33:680
27,34:661
27,35:25
27,36:798
27,37:177
27,38:1092
27,39:508
27,40:241
27,41:178
27,42:12
27,44:576
27,45:492
27,46:908
27,47:339
27,50:931
27,51:697
27,52:185
27,54:148
27,55:847
27,56:1014
27,57:458
27,58:19
27,59:650
27,60:738
27,61:662
27,62:370
27,63:922
27,64:671
27,65:129
27,66:401
27,67:806
27,68:1020
27,69:814
27,70:963
27,71:305
27,72:402
27,73:559
27,74:421
27,75:656
27,76:650
27,77:853
27,78:290
27,79:700
27,80:802
27,81:679
27,82:914
27,83:897
27,84:598
27,85:1122
27,86:484
27,87:1078
27,88:207
27,89:394
27,90:73
28,5:11
28,6:361
28,7:121
28,8:506
28,9:145
28,13:19
28,14:228
28,15:698
28,16:638
28,18:217
28,19:4
28,20:220
28,21:197
28,22:502
28,23:167
28,24:221
28,25:306
28,26:550
28,27:768
28,29:648
28,30:132
28,31:213
28,32:306
28,33:88
28,34:107
28,35:743
28,36:30
28,37:591
28,38:324
28,39:260
28,40:527
28,41:590
28,42:756
28,43:52
28,45:276
28,46:140
28,47:429
28,48:515
28,49:278
28,51:71
28,52:583
28,53:62
28,54:620
28,55:79
28,56:246
28,57:310
28,58:749
28,59:118
28,60:30
28,61:106
28,62:398
28,63:154
28,64:97
28,65:639
28,66:367
28,67:38
28,68:252
28,69:46
28,70:195
28,71:463
28,72:366
28,73:209
28,74:347
28,75:112
28,76:118
28,77:85
28,78:478
28,79:68
28,80:34
28,81:89
28,82:146
28,83:129
28,84:170
28,85:354
28,86:284
28,87:310
28,88:561
28,89:374
28,90:695
29,5:659
29,6:287
29,7:527
29,8:142
29,9:793
29,13:667
29,14:876
29,15:50
29,16:10
29,17:975
29,19:652
29,20:868
29,21:845
29,22:146
29,23:815
29,24:427
29,25:342
29,26:98
29,27:120
29,28:648
29,30:516
29,31:861
29,32:954
29,33:560
29,34:541
29,35:95
29,36:678
29,37:57
29,38:972
29,39:388
29,40:121
29,41:58
29,42:108
29,43:596
29,44:456
29,46:788
29,47:219
29,48:133
29,49:370
29,50:811
29,52:65
29,53:586
29,54:28
29,55:727
29,56:894
29,57:338
29,58:101
29,59:530
29,60:618
29,61:542
29,62:250
29,63:802
29,64:551
29,65:9
29,66:281
29,67:686
29,68:900
29,69:694
29,70:843
29,71:185
29,72:282
29,73:439
29,74:301
29,75:536
29,76:530
29,77:733
29,78:170
29,79:580
29,80:682
29,81:559
29,82:794
29,83:777
29,84:478
29,85:1002
29,86:364
29,87:958
29,88:87
29,89:274
29,90:47
30,5:143
30,6:229
30,7:11
30,8:374
30,9:277
30,13:151
30,14:360
30,15:566
30,16:506
30,17:459
30,18:85
30,20:352
30,21:329
30,22:370
30,23:299
30,24:89
30,25:174
30,26:418
30,27:636
30,28:132
30,29:516
30,31:345
30,32:438
30,33:44
30,34:25
30,35:611
30,36:162
30,37:459
30,38:456
30,39:128
30,40:395
30,41:458
30,42:624
30,43:80
30,44:60
30,45:144
30,47:297
30,48:383
30,49:146
30,50:295
30,51:61
30,53:70
30,54:488
30,55:211
30,56:378
30,57:178
30,58:617
30,59:14
30,60:102
30,61:26
30,62:266
30,63:286
30,64:35
30,65:507
30,66:235
30,67:170
30,68:384
30,69:178
30,70:327
30,71:331
30,72:234
30,73:77
30,74:215
30,75:20
30,76:14
30,77:217
30,78:346
30,79:64
30,80:166
30,81:43
30,82:278
30,83:261
30,84:38
30,85:486
30,86:152
30,87:442
30,88:429
30,89:242
30,90:563
31,5:202
31,6:574
31,7:334
31,8:719
31,9:68
31,13:194
31,15:911
31,16:851
31,17:114
31,18:430
31,19:209
31,20:7
31,21:16
31,23:46
31,24:434
31,25:519
31,26:763
31,27:981
31,28:213
31,29:861
31,30:345
31,32:93
31,33:301
31,34:320
31,35:956
31,36:183
31,37:804
31,38:111
31,39:473
31,41:803
31,42:969
31,43:265
31,44:405
31,45:489
31,46:73
31,47:642
31,48:728
31,49:491
31,50:50
31,51:284
31,52:796
31,53:275
31,54:833
31,55:134
31,56:33
31,57:523
31,58:962
31,59:331
31,60:243
31,61:319
31,62:611
31,63:59
31,64:310
31,65:852
31,66:580
31,67:175
31,68:39
31,69:167
31,70:18
31,71:676
31,72:579
31,73:422
31,74:560
31,75:325
31,76:331
31,77:128
31,78:691
31,79:281
31,80:179
31,81:302
31,82:67
31,83:84
31,84:383
31,85:141
31,86:497
31,87:97
31,88:774
31,89:587
31,90:908
31,91:277
31,92:63
31,93:115
31,94:9
31,95:38
31,96:283
31,97:226
31,98:973
31,99:308
31,100:955
31,101:321
31,102:636
31,103:898
31,104:132
31,105:956
31,106:94
31,107:124
31,108:70
31,109:248
31,110:499
32,5:295
32,6:667
32,7:427
32,8:812
32,13:287
32,15:1004
32,16:944
32,17:21
32,18:523
32,19:302
32,20:86
32,21:109
32,22:808
32,24:527
32,25:612
32,26:856
32,27:1074
32,28:306
32,29:954
32,30:438
32,31:93
32,33:394
32,34:413
32,35:1049
32,36:276
32,37:897
32,38:18
32,39:566
32,40:833
32,41:896
32,42:1062
32,43:358
32,44:498
32,45:582
32,46:166
32,47:735
32,48:821
32,49:584
32,50:143
32,51:377
32,52:889
32,53:368
32,54:926
32,55:227
32,56:60
32,57:616
32,58:1055
32,59:424
32,60:336
32,61:412
32,62:704
32,63:152
32,64:403
32,65:945
32,66:673
32,67:268
32,68:54
32,71:769
32,72:672
32,74:653
32,76:424
32,80:272
32,81:395
32,82:160
32,86:590
32,87:4
32,90:1001
33,5:99
33,6:273
33,7:33
33,8:418
33,9:233
33,13:107
33,15:610
33,16:550
33,17:415
33,18:129
33,19:92
33,20:308
33,21:285
33,22:414
33,24:133
33,25:218
33,26:462
33,27:680
33,28:88
33,29:560
33,30:44
33,31:301
33,32:394
33,34:19
33,35:655
33,36:118
33,37:503
33,38:412
33,39:172
33,40:439
33,41:502
33,42:668
33,43:36
33,44:104
33,45:188
33,46:228
33,47:341
33,48:427
33,49:190
33,50:251
33,51:17
33,52:495
33,53:26
33,54:532
33,55:167
33,56:334
33,57:222
33,58:661
33,59:30
33,60:58
33,61:18
33,62:310
33,63:242
33,64:9
33,65:551
33,66:279
33,67:126
33,68:340
33,69:134
33,70:283
33,71:375
33,72:278
33,73:121
33,74:259
33,75:24
33,76:30
33,77:173
33,78:390
33,79:20
33,80:122
33,81:1
33,82:234
33,83:217
33,84:82
33,85:442
33,86:196
33,87:398
33,88:473
33,89:286
33,90:607
33,91:24
33,92:364
33,93:416
33,94:310
33,95:263
33,96:18
33,97:75
33,98:672
33,99:7
33,100:654
33,101:20
33,102:335
33,103:597
33,104:433
33,105:655
33,106:207
33,107:425
33,108:231
33,109:53
33,110:198
33,111:131
34,5:118
34,6:254
34,7:14
34,8:399
34,9:252
34,13:126
34,15:591
34,16:531
34,17:434
34,18:110
34,19:111
34,20:327
34,21:304
34,22:395
34,23:274
34,24:114
34,26:443
34,27:661
34,28:107
34,29:541
34,30:25
34,31:320
34,32:413
34,33:19
34,35:636
34,36:137
34,37:484
34,38:431
34,39:153
34,40:420
34,41:483
34,42:649
34,43:55
34,44:85
34,45:169
34,46:247
34,48:408
34,49:171
34,50:270
34,51:36
34,52:476
34,53:45
35,5:754
35,6:382
35,7:622
35,8:237
35,9:888
35,13:762
35,14:971
35,15:45
35,17:1070
35,18:526
35,19:747
35,20:963
35,21:940
35,22:241
35,23:910
35,24:522
35,25:437
35,26:193
35,28:743
35,29:95
35,30:611
35,31:956
35,32:1049
35,33:655
35,34:636
35,36:773
35,37:152
35,38:1067
35,39:483
35,40:216
35,41:153
35,42:13
35,43:691
35,44:551
35,45:467
35,46:883
35,47:314
35,50:906
35,51:672
35,52:160
35,54:123
35,55:822
35,56:989
35,57:433
35,58:6
35,59:625
35,60:713
35,61:637
35,62:345
35,63:897
35,64:646
35,65:104
35,66:376
35,67:781
35,68:995
35,69:789
35,70:938
35,71:280
35,72:377
35,73:534
35,74:396
35,75:631
35,76:625
35,77:828
35,78:265
35,79:675
35,80:777
35,81:654
35,82:889
35,83:872
35,84:573
35,85:1097
35,86:459
35,87:1053
35,88:182
35,89:369
35,90:48
36,5:19
36,6:391
36,7:151
36,8:536
36,9:115
36,13:11
36,14:198
36,15:728
36,16:668
36,18:247
36,19:26
36,20:190
36,21:167
36,22:532
36,23:137
36,24:251
36,25:336
36,26:580
36,27:798
36,29:678
36,30:162
36,31:183
36,32:276
36,33:118
36,34:137
36,35:773
36,37:621
36,38:294
36,39:290
36,40:557
36,41:620
36,42:786
36,43:82
36,44:222
36,45:306
36,46:110
36,47:459
36,48:545
36,49:308
36,51:101
36,52:613
36,53:92
36,54:650
36,55:49
36,56:216
36,57:340
36,58:779
36,59:148
36,60:60
36,61:136
36,62:428
36,63:124
36,64:127
36,65:669
36,66:397
36,67:8
36,68:222
36,69:16
36,70:165
36,71:493
36,72:396
36,73:239
36,74:377
36,75:142
36,76:148
36,77:55
36,78:508
36,79:98
36,80:4
36,81:119
36,82:116
36,83:99
36,84:200
36,85:324
36,86:314
36,87:280
36,88:591
36,89:404
36,90:725
36,91:94
37,5:602
37,6:230
37,7:470
37,8:85
37,9:736
37,13:610
37,14:819
37,15:107
37,16:47
37,17:918
37,19:595
37,20:811
37,21:788
37,22:89
37,23:758
37,24:370
37,25:285
37,26:41
37,27:177
37,28:591
37,30:459
37,31:804
37,32:897
37,33:503
37,34:484
37,35:152
37,36:621
37,38:915
37,39:331
37,40:64
37,41:1
37,42:165
37,43:539
37,44:399
37,45:315
37,46:731
37,47:162
37,48:76
37,49:313
37,50:754
37,52:8
37,53:529
37,54:29
37,55:670
37,56:837
37,57:281
37,58:158
37,59:473
37,60:561
37,61:485
37,62:193
37,63:745
37,64:494
37,65:48
37,66:224
37,67:629
37,68:843
37,69:637
37,70:786
37,71:128
37,72:225
37,73:382
37,74:244
37,75:479
37,76:473
37,77:676
37,78:113
37,79:523
37,80:625
37,81:502
37,82:737
37,83:720
37,84:421
37,85:945
37,86:307
37,87:901
37,88:30
37,89:217
37,90:104
37,91:527
38,5:313
38,6:685
38,7:445
38,8:830
38,9:179
38,13:305
38,14:96
38,15:1022
38,16:962
38,17:3
38,18:541
38,20:104
38,21:127
38,22:826
38,23:157
38,24:545
38,25:630
38,26:874
38,27:1092
38,28:324
38,29:972
38,31:111
38,32:18
38,33:412
38,34:431
38,35:1067
38,36:294
38,37:915
38,39:584
38,40:851
38,41:914
38,42:1080
38,43:376
38,44:516
38,45:600
38,46:184
38,47:753
38,48:839
38,49:602
38,50:161
38,51:395
38,53:386
38,54:944
38,55:245
38,56:78
38,57:634
38,58:1073
38,59:442
38,60:354
38,61:430
38,62:722
38,63:170
38,64:421
38,65:963
38,66:691
38,67:286
38,68:72
38,69:278
38,70:129
38,71:787
38,72:690
38,73:533
38,74:671
38,75:436
38,76:442
38,77:239
38,78:802
38,79:392
38,80:290
38,81:413
38,82:178
38,83:195
38,84:494
38,85:30
38,86:608
38,87:14
38,88:885
38,89:698
38,90:1019
38,91:388
39,7:139
39,8:246
39,9:405
39,13:279
39,15:438
39,16:378
39,17:587
39,18:43
39,19:264
39,20:480
39,21:457
39,23:427
39,24:39
39,25:46
39,26:290
39,27:508
39,28:260
39,29:388
39,30:128
39,32:566
39,33:172
39,34:153
39,35:483
39,36:290
39,37:331
39,38:584
39,40:267
39,41:330
39,42:496
39,43:208
39,44:68
39,45:16
39,46:400
39,47:169
39,48:255
39,49:18
39,50:423
39,51:189
39,52:323
39,53:198
39,54:360
39,55:339
39,56:506
39,57:50
39,58:489
39,59:142
39,60:230
39,61:154
39,62:138
39,63:414
39,64:163
39,65:379
39,66:107
39,67:298
39,68:512
39,69:306
39,70:455
39,71:203
39,72:106
39,73:51
39,74:87
39,75:148
39,76:142
39,77:345
39,78:218
39,79:192
39,80:294
39,81:171
39,82:406
39,83:389
39,84:90
39,85:614
39,86:24
39,87:570
39,88:301
39,89:114
39,90:435
39,91:196
39,92:536
39,93:588
39,94:482
39,95:435
39,96:190
39,97:247
39,98:500
39,99:165
39,100:482
39,101:152
39,102:163
39,103:425
39,104:605
39,105:483
39,106:379
39,107:597
39,108:403
39,109:225
39,110:26
40,7:406
40,8:21
40,9:672
40,13:546
40,15:171
40,16:111
40,17:854
40,18:310
40,19:531
40,20:747
40,21:724
40,23:694
40,24:306
40,25:221
40,26:23
40,27:241
40,28:527
40,29:121
40,30:395
40,32:833
40,33:439
40,34:420
40,35:216
40,36:557
40,37:64
40,38:851
40,41:63
40,42:229
40,43:475
40,44:335
40,45:251
40,46:667
40,47:98
40,48:12
40,49:249
40,50:690
40,51:456
40,52:56
40,53:465
40,54:93
40,55:606
40,56:773
40,57:217
40,58:222
40,59:409
40,60:497
40,61:421
40,62:129
40,63:681
40,64:430
40,65:112
40,66:160
40,67:565
40,68:779
40,69:573
40,70:722
40,71:64
40,72:161
40,73:318
40,74:180
40,75:415
40,76:409
40,77:612
40,78:49
40,79:459
40,80:561
40,81:438
40,82:673
40,83:656
40,84:357
40,85:881
40,86:243
40,87:837
40,88:34
40,89:153
40,90:168
40,91:463
40,92:803
40,93:855
40,94:749
40,95:702
40,96:457
40,97:514
40,98:233
40,99:432
40,100:215
40,101:419
40,102:104
40,103:158
40,104:872
40,105:216
40,106:646
40,107:864
40,108:670
40,109:492
40,110:241
40,111:308
41,5:601
41,6:229
41,7:469
41,8:84
41,13:609
41,15:108
41,16:48
41,17:917
41,18:373
41,19:594
41,20:810
41,21:787
41,22:88
41,24:369
41,25:284
41,26:40
41,27:178
41,28:590
41,29:58
41,30:458
41,31:803
41,33:502
41,34:483
41,35:153
41,36:620
41,37:1
41,38:914
41,39:330
41,40:63
41,42:166
41,43:538
41,44:398
41,45:314
41,46:730
41,47:161
41,48:75
41,49:312
41,50:753
41,51:519
41,52:7
41,53:528
41,54:30
41,55:669
41,56:836
41,57:280
41,58:159
41,59:472
41,60:560
41,61:484
41,62:192
41,63:744
41,64:493
41,65:49
41,66:223
41,67:628
41,68:842
41,69:636
41,70:785
41,71:127
41,72:224
41,74:243
41,76:472
41,80:624
41,81:501
41,82:736
41,86:306
41,87:900
41,90:105
42,5:767
42,6:395
42,7:635
42,8:250
42,9:901
42,13:775
42,15:58
42,16:118
42,17:1083
42,18:539
42,19:760
42,20:976
42,21:953
42,22:254
42,23:923
42,24:535
42,26:206
42,27:12
42,28:756
42,29:108
42,30:624
42,31:969
42,32:1062
42,33:668
42,35:13
42,36:786
42,37:165
42,38:1080
42,39:496
42,40:229
42,41:166
42,43:704
42,44:564
42,45:480
42,46:896
42,47:327
42,48:241
42,49:478
42,50:919
42,51:685
42,52:173
42,53:694
43,5:63
43,6:309
43,7:69
43,8:454
43,9:197
43,13:71
43,14:280
43,15:646
43,17:379
43,18:165
43,19:56
43,20:272
43,21:249
43,22:450
43,23:219
43,24:169
43,25:254
43,26:498
43,28:52
43,29:596
43,30:80
43,31:265
43,32:358
43,33:36
43,34:55
43,36:82
43,37:539
43,38:376
43,39:208
43,40:475
43,41:538
43,42:704
43,44:140
43,45:224
43,46:192
43,47:377
43,48:463
43,49:226
43,50:215
43,51:19
43,52:531
43,54:568
43,55:131
43,56:298
43,57:258
43,58:697
43,59:66
43,60:22
43,61:54
43,62:346
43,63:206
43,64:45
43,65:587
43,66:315
43,67:90
43,68:304
43,69:98
43,70:247
43,71:411
43,72:314
43,73:157
43,74:295
43,75:60
43,76:66
43,77:137
43,78:426
43,79:16
43,80:86
43,81:37
43,82:198
43,83:181
43,84:118
43,85:406
43,86:232
43,87:362
43,88:509
43,89:322
43,90:643
44,5:203
44,6:169
44,7:71
44,8:314
44,9:337
44,13:211
44,14:420
44,15:506
44,16:446
44,18:25
44,19:196
44,20:412
44,21:389
44,22:310
44,23:359
44,24:29
44,25:114
44,26:358
44,27:576
44,29:456
44,30:60
44,31:405
44,32:498
44,33:104
44,34:85
44,35:551
44,37:399
44,38:516
44,39:68
44,40:335
44,41:398
44,42:564
44,43:140
44,45:84
44,46:332
44,47:237
44,48:323
44,49:86
44,50:355
44,51:121
44,52:391
44,53:130
44,54:428
44,55:271
44,56:438
44,57:118
44,58:557
44,59:74
44,60:162
44,61:86
44,62:206
44,63:346
44,64:95
44,65:447
44,66:175
44,67:230
44,68:444
44,69:238
44,70:387
44,71:271
44,72:174
44,73:17
44,74:155
44,75:80
44,76:74
44,77:277
44,78:286
44,79:124
44,80:226
44,81:103
44,82:338
44,83:321
44,84:22
44,85:546
44,86:92
44,87:502
44,88:369
44,89:182
44,90:503
44,91:128
44,92:468
44,93:520
44,94:414
44,95:367
44,96:122
44,97:179
44,98:568
44,99:97
44,100:550
44,101:84
44,102:231
44,103:493
44,104:537
44,105:551
44,106:311
44,107:529
44,108:335
44,109:157
44,110:94
45,5:287
45,6:85
45,7:155
45,8:230
45,9:421
45,13:295
45,14:504
45,15:422
45,16:362
45,17:603
45,19:280
45,20:496
45,21:473
45,22:226
45,23:443
45,24:55
45,25:30
45,26:274
45,27:492
45,28:276
45,30:144
45,31:489
45,32:582
45,33:188
45,34:169
45,35:467
45,36:306
45,38:600
45,39:16
45,40:251
45,41:314
45,42:480
45,43:224
45,44:84
45,46:416
45,47:153
45,48:239
45,49:2
45,50:439
45,51:205
45,52:307
45,53:214
45,54:344
45,55:355
45,56:522
45,57:34
45,58:473
45,59:158
45,60:246
45,61:170
45,62:122
45,63:430
45,64:179
45,65:363
45,66:91
45,67:314
45,68:528
45,69:322
45,70:471
45,71:187
45,72:90
45,73:67
45,74:71
45,75:164
45,76:158
45,77:361
45,78:202
45,79:208
45,80:310
45,81:187
45,82:422
45,83:405
45,84:106
45,85:630
45,86:8
45,87:586
45,88:285
45,89:98
45,90:419
45,91:212
45,92:552
45,93:604
45,94:498
45,95:451
45,96:206
45,97:263
45,98:484
45,99:181
45,100:466
45,101:168
45,102:147
45,103:409
45,104:621
45,105:467
45,106:395
45,107:613
45,108:419
45,109:241
45,110:10
46,5:129
46,6:501
46,7:261
46,8:646
46,9:5
46,13:121
46,14:88
46,15:838
46,16:778
46,17:187
46,18:357
46,20:80
46,21:57
46,22:642
46,23:27
46,24:361
46,25:446
46,26:690
46,27:908
46,28:140
46,29:788
46,31:73
46,32:166
46,33:228
46,34:247
46,35:883
46,36:110
46,37:731
46,39:400
46,40:667
46,41:730
46,42:896
46,43:192
46,44:332
46,45:416
46,47:569
46,48:655
46,49:418
46,50:23
46,51:211
46,52:723
46,53:202
46,54:760
46,55:61
46,56:106
46,57:450
46,58:889
46,59:258
46,60:170
46,61:246
46,62:538
46,63:14
46,64:237
46,65:779
46,66:507
46,67:102
46,68:112
46,69:94
46,70:55
46,71:603
46,72:506
46,73:349
46,74:487
46,75:252
46,76:258
46,77:55
46,78:618
46,79:208
46,80:106
46,81:229
46,82:6
46,83:11
46,84:310
46,85:214
46,86:424
46,87:170
46,88:701
46,89:514
46,90:835
46,91:204
46,92:136
46,93:188
46,94:82
46,95:35
46,96:210
46,97:153
46,98:900
46,99:235
46,100:882
46,101:248
46,102:563
46,103:825
46,104:205
46,105:883
46,106:21
46,107:197
46,108:3
46,109:175
46,110:426
47,5:440
47,6:68
47,7:308
47,8:77
47,9:574
47,13:448
47,15:269
47,16:209
47,17:756
47,18:212
47,19:433
47,20:649
47,21:626
47,22:73
47,23:596
47,24:208
47,26:121
47,27:339
47,28:429
47,29:219
47,30:297
47,31:642
47,32:735
47,33:341
47,35:314
47,36:459
47,37:162
47,38:753
47,39:169
47,40:98
47,41:161
47,43:377
47,44:237
47,45:153
47,46:569
47,48:86
47,49:151
47,50:592
47,51:358
47,52:154
47,53:367
47,54:191
47,55:508
47,56:675
47,57:119
47,58:320
47,59:311
47,60:399
48,5:526
48,6:154
48,7:394
48,8:9
48,9:660
48,13:534
48,14:743
48,15:183
48,17:842
48,18:298
48,19:519
48,20:735
48,21:712
48,22:13
48,23:682
48,24:294
48,25:209
48,26:35
48,28:515
48,29:133
48,30:383
48,31:728
48,32:821
48,33:427
48,34:408
48,36:545
48,37:76
48,38:839
48,39:255
48,40:12
48,41:75
48,42:241
48,44:323
48,45:239
48,46:655
48,47:86
48,49:237
48,50:678
48,51:444
48,52:68
48,53:453
48,54:105
48,55:594
48,56:761
48,57:205
48,58:234
48,59:397
48,60:485
48,61:409
48,62:117
48,63:669
48,64:418
48,65:124
48,66:148
48,67:553
48,68:767
48,69:561
48,70:710
48,71:52
48,72:149
48,73:306
48,74:168
48,75:403
48,76:397
48,77:600
48,78:37
48,79:447
48,80:549
48,81:426
48,82:661
48,83:644
48,84:345
48,85:869
48,86:231
48,87:825
48,88:46
48,89:141
48,90:180
48,91:451
48,92:791
48,93:843
48,94:737
48,95:690
48,96:445
48,97:502
48,98:245
48,99:420
48,100:227
48,101:407
48,102:92
48,103:170
48,104:860
48,105:228
48,106:634
48,107:852
48,108:658
48,109:480
48,110:229
49,5:289
49,6:83
49,7:157
49,8:228
49,9:423
49,13:297
49,14:506
49,15:420
49,17:605
49,18:61
49,19:282
49,20:498
49,21:475
49,22:224
49,23:445
49,24:57
49,25:28
49,26:272
49,28:278
49,29:370
49,30:146
49,31:491
49,32:584
49,33:190
49,34:171
49,36:308
49,37:313
49,38:602
49,39:18
49,40:249
49,41:312
49,42:478
49,44:86
49,45:2
49,46:418
49,47:151
49,48:237
49,50:441
49,51:207
49,52:305
49,53:216
49,54:342
49,55:357
49,56:524
49,57:32
49,58:471
49,59:160
49,60:248
49,61:172
49,62:120
49,63:432
49,64:181
49,65:361
49,66:89
49,67:316
49,68:530
49,69:324
49,70:473
49,71:185
49,72:88
49,73:69
49,74:69
49,75:166
49,76:160
49,77:363
49,78:200
49,79:210
49,80:312
49,81:189
49,82:424
49,83:407
49,84:108
49,85:632
49,86:6
49,87:588
49,88:283
49,89:96
49,90:417
49,91:214
50,5:152
50,6:524
50,7:284
50,8:669
50,9:18
50,13:144
50,14:65
50,15:861
50,16:801
50,18:380
50,19:159
50,20:57
50,21:34
50,22:665
50,23:4
50,24:384
50,25:469
50,26:713
50,27:931
50,29:811
50,30:295
50,31:50
50,32:143
50,33:251
50,34:270
50,35:906
50,37:754
50,38:161
50,39:423
50,40:690
50,41:753
50,42:919
50,43:215
50,45:439
50,46:23
50,47:592
50,48:678
50,49:441
50,51:234
50,52:746
50,53:225
50,54:783
50,55:84
50,56:83
50,57:473
50,58:912
50,59:281
50,60:193
50,61:269
50,62:561
50,63:9
50,64:260
50,65:802
50,66:530
50,67:125
50,68:89
50,69:117
50,70:32
50,71:626
50,72:529
50,73:372
50,74:510
50,75:275
50,76:281
50,77:78
50,78:641
50,79:231
50,80:129
50,81:252
50,82:17
50,83:34
50,84:333
50,85:191
50,86:447
50,87:147
50,88:724
50,89:537
50,90:858
50,91:227
50,92:113
50,93:165
50,94:59
50,95:12
50,96:233
50,97:176
50,98:923
50,99:258
50,100:905
50,101:271
50,102:586
50,103:848
50,104:182
50,105:906
50,106:44
50,107:174
50,108:20
50,109:198
50,110:449
50,111:382
51,5:82
51,6:290
51,7:50
51,8:435
51,9:216
51,13:90
51,14:299
51,15:627
51,16:567
51,17:398
51,19:75
51,20:291
51,21:268
51,22:431
51,23:238
51,24:150
51,25:235
51,26:479
51,27:697
51,28:71
51,30:61
51,31:284
51,32:377
51,33:17
51,34:36
51,35:672
51,36:101
51,38:395
51,39:189
51,40:456
51,41:519
51,42:685
51,43:19
51,44:121
51,46:211
51,47:358
51,48:444
51,49:207
51,50:234
51,52:512
51,53:9
51,54:549
51,55:150
51,56:317
51,57:239
51,58:678
51,59:47
51,60:41
51,61:35
51,62:327
51,63:225
51,64:26
51,65:568
51,66:296
51,67:109
51,68:323
51,69:117
51,70:266
51,71:392
51,72:295
51,73:138
51,74:276
51,75:41
51,76:47
51,77:156
51,78:407
51,79:3
51,80:105
51,81:18
51,82:217
51,83:200
51,84:99
51,85:425
51,86:213
51,87:381
51,88:490
51,89:303
51,90:624
51,91:7
51,92:347
51,93:399
51,94:293
51,95:246
51,96:1
51,97:58
51,98:689
51,99:24
51,100:671
51,101:37
51,102:352
51,103:614
51,104:416
51,105:672
51,106:190
51,107:408
51,108:214
51,109:36
51,110:215
51,111:148
52,5:594
52,6:222
52,7:462
52,8:77
52,9:728
52,13:602
52,14:811
52,15:115
52,16:55
52,17:910
52,18:366
52,20:803
52,21:780
52,22:81
52,23:750
52,24:362
52,25:277
52,26:33
52,27:185
52,28:583
52,29:65
52,31:796
52,32:889
52,33:495
52,34:476
52,35:160
52,36:613
52,37:8
52,39:323
52,40:56
52,41:7
52,42:173
52,43:531
52,44:391
52,45:307
52,47:154
52,48:68
52,49:305
52,50:746
52,51:512
52,53:521
52,54:37
52,55:662
52,56:829
52,57:273
52,58:166
52,59:465
52,60:553
52,61:477
52,62:185
52,63:737
52,64:486
52,65:56
52,66:216
52,67:621
52,68:835
52,69:629
52,70:778
52,71:120
52,72:217
52,73:374
52,74:236
52,75:471
52,76:465
52,77:668
52,78:105
52,79:515
52,80:617
52,81:494
52,82:729
52,83:712
52,84:413
52,85:937
52,86:299
52,87:893
52,88:22
52,89:209
52,90:112
52,91:519
52,92:859
52,93:911
52,94:805
52,95:758
52,96:513
52,97:570
52,98:177
52,99:488
52,100:159
52,101:475
52,102:160
52,103:102
52,104:928
52,105:160
52,106:702
52,107:920
52,108:726
52,109:548
52,110:297
52,111:364
53,5:73
53,6:299
53,7:59
53,8:444
53,9:207
53,13:81
53,14:290
53,15:636
53,17:389
53,18:155
53,19:66
53,20:282
53,21:259
53,22:440
53,23:229
53,24:159
53,25:244
53,26:488
53,28:62
53,29:586
53,30:70
53,31:275
53,32:368
53,33:26
53,34:45
53,36:92
53,37:529
53,38:386
53,39:198
53,40:465
53,41:528
53,42:694
53,44:130
53,45:214
53,46:202
53,47:367
53,49:216
53,50:225
53,51:9
53,52:521
53,54:558
53,55:141
53,56:308
53,57:248
53,58:687
53,59:56
53,60:32
53,61:44
53,62:336
53,63:216
53,64:35
53,65:577
53,66:305
53,67:100
53,68:314
53,69:108
53,70:257
53,71:401
53,72:304
53,73:147
53,74:285
53,75:50
53,76:56
53,77:147
53,78:416
53,79:6
53,80:96
53,81:27
53,82:208
53,83:191
53,84:108
53,85:416
53,86:222
53,87:372
53,88:499
53,89:312
53,90:633
53,91:2
53,92:338
53,93:390
53,94:284
53,95:237
53,96:8
53,97:49
53,98:698
53,99:33
53,100:680
53,101:46
53,102:361
53,103:623
53,104:407
53,105:681
53,106:181
53,107:399
53,108:205
53,109:27
53,110:224
53,111:157
54,5:631
54,6:259
54,7:499
54,8:114
54,9:765
54,13:639
54,15:78
54,16:18
54,17:947
54,18:403
54,19:624
54,20:840
54,21:817
54,22:118
54,23:787
54,24:399
54,26:70
54,27:148
54,28:620
54,29:28
54,30:488
54,31:833
54,32:926
54,33:532
54,35:123
54,36:650
54,37:29
54,38:944
54,39:360
54,40:93
54,41:30
54,43:568
54,44:428
54,45:344
54,46:760
54,48:105
54,49:342
54,50:783
54,51:549
54,52:37
54,53:558
54,55:699
54,56:866
54,57:310
54,58:129
54,59:502
54,60:590
54,61:514
54,62:222
54,63:774
54,64:523
54,65:19
54,66:253
54,67:658
54,68:872
54,69:666
54,70:815
54,71:157
54,72:254
54,74:273
54,76:502
54,80:654
54,81:531
54,82:766
54,86:336
54,87:930
54,90:75
55,5:68
55,6:440
55,7:200
55,8:585
55,9:66
55,13:60
55,15:777
55,16:717
55,17:248
55,18:296
55,19:75
55,20:141
55,21:118
55,22:581
55,23:88
55,24:300
55,26:629
55,27:847
55,28:79
55,29:727
55,30:211
55,31:134
55,32:227
55,33:167
55,35:822
55,36:49
55,37:670
55,38:245
55,39:339
55,40:606
55,41:669
55,43:131
55,44:271
55,45:355
55,46:61
