<number of tasks>
111

<cycle time>
7520

<task times>
1 1960
2 1715
3 735
4 1715
5 490
6 1225
7 169
8 2252
9 1225
10 2319
11 1715
12 980
13 735
14 2281
15 2750
16 77
17 89
18 51
19 364
20 405
21 3060
22 125
23 3429
24 43
25 3430
26 1960
27 29
28 27
29 15
30 121
31 1715
32 2127
33 1470
34 4037
35 68
36 62
37 42
38 364
39 4998
40 1470
41 2963
42 5689
43 68
44 18
45 10
46 81
47 5200
48 39
49 67
50 27
51 15
52 121
53 58
54 1715
55 125
56 4010
57 1470
58 1470
59 2303
60 1960
61 2205
62 4018
63 2744
64 2999
65 735
66 735
67 735
68 735
69 545
70 3386
71 3234
72 2205
73 2206
74 490
75 825
76 3528
77 3568
78 1200
79 618
80 1470
81 1715
82 735
83 1960
84 2889
85 618
86 490
87 735
88 490
89 921
90 326
91 5390
92 243
93 371
94 58
95 5059
96 1225
97 769
98 768
99 1670
100 1670
101 490
102 202
103 203
104 202
105 2744
106 162
107 324
108 162
109 121
110 162
111 91

<precedence relations>
1,2
2,3
3,4
4,5
4,6
4,7
4,8
4,9
4,10
5,39
6,39
7,83
8,71
9,32
10,11
10,12
11,13
11,14
11,15
11,16
11,17
11,18
11,19
11,20
11,21
12,13
12,14
12,15
12,16
12,17
12,18
12,19
12,20
12,21
13,71
14,22
14,23
14,24
14,25
15,26
16,27
17,28
18,29
19,30
20,91
21,111
22,31
22,83
23,32
23,33
24,69
24,70
25,34
26,82
27,35
28,36
29,37
30,38
31,39
32,41
33,111
34,42
35,43
36,44
36,91
37,45
37,91
38,46
38,91
39,40
40,111
41,69
41,70
42,47
43,48
43,49
44,50
45,51
46,52
47,54
47,55
47,56
47,57
47,58
47,59
47,60
48,53
49,91
50,111
51,111
52,111
53,111
54,69
54,70
55,61
55,62
55,63
56,63
56,64
57,65
57,91
58,66
58,91
59,67
59,91
60,68
60,91
61,69
61,70
62,71
63,111
64,72
65,111
66,111
67,111
68,111
69,77
69,78
70,73
71,91
72,74
73,75
74,76
75,77
75,78
75,79
76,80
76,81
76,82
77,83
78,84
79,85
80,86
80,91
81,87
81,91
82,111
83,91
84,88
84,89
84,91
85,111
86,111
87,90
88,105
89,105
90,111
91,92
91,93
91,94
92,95
93,95
94,95
95,96
95,97
95,98
95,99
95,100
95,104
96,101
97,102
98,103
99,111
100,111
101,105
102,106
102,107
103,107
103,108
104,111
105,111
106,109
107,111
108,110
109,111
110,111

<setup times forward>
1,2:549
2,3:760
3,4:400
4,5:59
4,6:497
4,7:214
4,8:669
4,9:100
4,10:393
5,6:438
5,7:155
5,8:610
5,9:159
5,10:334
5,11:746
5,12:208
5,13:10
5,14:257
5,15:836
5,16:765
5,17:373
5,18:268
5,19:8
5,20:246
5,21:220
5,22:604
5,23:184
5,24:274
5,25:373
5,26:661
5,27:918
5,28:13
5,29:776
5,30:168
5,31:238
5,32:348
5,33:117
5,34:138
5,35:889
5,36:23
5,37:709
5,38:369
5,39:319
5,41:709
5,42:904
5,43:74
5,44:239
5,45:338
5,46:153
5,47:519
5,48:620
5,49:341
5,50:180
5,51:96
5,52:701
5,53:85
5,54:744
5,55:80
5,56:277
5,57:379
5,58:896
5,59:151
5,60:48
5,61:137
5,62:482
5,63:169
5,64:128
5,65:767
5,66:445
5,67:32
5,68:285
5,69:42
5,70:217
5,71:558
5,72:444
5,73:259
5,74:422
5,75:144
5,76:152
5,77:88
5,78:577
5,79:92
5,80:28
5,81:118
5,82:159
5,83:140
5,84:214
5,85:405
5,86:347
5,87:353
5,88:674
5,89:454
5,90:832
5,91:88
5,92:313
5,93:375
5,94:249
5,95:193
5,96:96
5,97:28
5,98:909
5,99:125
5,100:888
5,101:140
5,102:511
5,103:820
5,104:394
5,105:889
5,106:128
5,107:385
5,108:156
5,109:54
5,110:350
6,5:438
6,7:283
6,8:172
6,9:597
6,10:104
6,11:308
6,12:230
6,13:448
6,14:695
6,15:398
6,16:327
6,17:811
6,18:170
6,19:430
6,20:684
6,21:658
6,22:166
6,23:622
6,24:164
6,25:65
6,26:223
6,27:480
6,28:425
6,29:338
6,30:270
6,31:676
6,32:786
6,33:321
6,34:300
6,35:451
6,36:461
6,37:271
6,38:807
6,39:119
6,41:271
6,42:466
6,43:364
6,44:199
6,45:100
6,46:591
6,47:81
6,48:182
6,49:97
6,50:618
6,51:342
6,52:263
6,53:353
6,54:306
6,55:518
6,56:715
6,57:59
6,58:458
6,59:287
6,60:390
6,61:301
6,62:44
6,63:607
6,64:310
6,65:329
6,66:7
6,67:470
6,68:723
6,69:480
6,70:655
6,71:120
6,72:6
6,73:179
6,74:16
6,75:294
6,76:286
6,77:526
6,78:139
6,79:346
6,80:466
6,81:320
6,82:597
6,83:578
6,84:224
6,85:843
6,86:91
6,87:791
6,88:236
6,89:16
6,90:394
6,91:350
6,92:751
6,93:813
6,94:687
6,95:631
6,96:342
6,97:410
6,98:471
6,99:313
6,100:450
6,101:298
6,102:73
6,103:382
6,104:832
6,105:451
6,106:566
6,107:823
6,108:594
6,109:384
6,110:88
7,5:155
7,6:283
7,8:455
7,9:314
7,10:179
7,11:591
7,12:53
7,13:165
7,14:412
7,15:681
7,16:610
7,17:528
7,18:113
7,19:147
7,20:401
7,21:375
7,22:449
7,23:339
7,24:119
7,25:218
7,26:506
7,27:763
7,28:142
7,29:621
7,30:13
7,31:393
7,32:503
7,33:38
7,34:17
7,35:734
7,36:178
7,37:554
7,38:524
7,39:164
7,40:479
7,41:554
7,42:749
7,43:81
7,44:84
7,45:183
7,46:308
7,47:364
7,48:465
7,49:186
7,50:335
7,51:59
7,52:546
7,53:70
7,54:589
7,55:235
7,56:432
7,57:224
7,58:741
7,59:4
7,60:107
7,61:18
7,62:327
7,63:324
7,64:27
7,65:612
7,66:290
7,67:187
7,68:440
7,69:197
7,70:372
7,71:403
7,72:289
7,73:104
7,74:267
7,75:11
7,76:3
7,77:243
7,78:422
7,79:63
7,80:183
7,81:37
7,82:314
7,83:295
7,84:59
7,85:560
7,86:192
7,87:508
7,88:519
7,89:299
7,90:677
8,5:610
8,6:172
8,7:455
8,9:769
8,10:276
8,11:136
8,12:402
8,13:620
8,14:867
8,15:226
8,16:155
8,17:983
8,18:342
8,19:602
8,20:856
8,21:830
8,22:6
8,23:794
8,24:336
8,25:237
8,26:51
8,27:308
8,28:597
8,29:166
8,30:442
8,31:848
8,32:958
8,33:493
8,34:472
8,35:279
8,36:633
8,37:99
8,38:979
8,39:291
8,40:24
8,41:99
8,42:294
8,43:536
8,44:371
8,45:272
8,46:763
8,47:91
8,48:10
8,49:269
8,50:790
8,51:514
8,52:91
8,53:525
8,54:134
8,55:690
8,56:887
8,57:231
8,58:286
8,59:459
8,60:562
8,61:473
8,62:128
8,63:779
8,64:482
8,65:157
8,66:165
8,67:642
8,68:895
8,69:652
8,70:827
8,71:52
8,72:166
8,73:351
8,74:188
8,75:466
8,76:458
8,77:698
8,78:33
8,79:518
8,80:638
8,81:492
8,82:769
8,83:750
8,84:396
8,85:1015
8,86:263
8,87:963
8,88:64
8,89:156
8,90:222
9,5:159
9,6:597
9,7:314
9,8:769
9,10:493
9,11:905
9,12:367
9,13:149
9,14:98
9,15:995
9,16:924
9,17:214
9,18:427
9,19:167
9,20:87
9,21:61
9,22:763
9,23:25
9,24:433
9,25:532
9,26:820
9,27:1077
9,28:172
9,29:935
9,30:327
9,31:79
9,32:189
9,33:276
9,34:297
9,35:1048
9,36:136
9,37:868
9,38:210
9,39:478
9,40:793
9,42:1063
9,43:233
9,44:398
9,45:497
9,46:6
9,47:678
9,48:779
9,49:500
9,50:21
9,51:255
9,52:860
9,53:244
9,54:903
9,55:79
9,56:118
9,57:538
9,58:1055
9,59:310
9,60:207
9,61:296
9,62:641
9,63:10
9,64:287
9,65:926
9,66:604
9,67:127
9,68:126
9,71:717
9,72:603
9,74:581
9,76:311
9,80:131
9,81:277
9,86:506
9,87:194
9,90:991
10,5:334
10,6:104
10,7:179
10,8:276
10,9:493
10,11:412
10,12:126
11,5:746
11,6:308
11,7:591
11,8:136
11,9:905
11,12:538
11,13:756
11,14:1003
11,15:90
11,16:19
11,17:1119
11,18:478
11,19:738
11,20:992
11,21:966
12,5:208
12,6:230
12,7:53
12,8:402
12,9:367
12,11:538
12,13:218
12,14:465
12,15:628
12,16:557
12,17:581
12,18:60
12,19:200
12,20:454
12,21:428
13,5:10
13,6:448
13,7:165
13,8:620
13,9:149
13,14:247
13,15:846
13,16:775
13,17:363
13,18:278
13,19:18
13,20:236
13,21:210
13,22:614
13,23:174
13,24:284
13,25:383
13,26:671
13,27:928
13,28:23
13,29:786
13,30:178
13,31:228
13,32:338
13,33:127
13,34:148
13,35:899
13,36:13
13,37:719
13,38:359
13,39:329
13,40:644
13,41:719
13,42:914
13,43:84
13,44:249
13,45:348
13,46:143
13,47:529
13,48:630
13,49:351
13,50:170
13,51:106
13,52:711
13,53:95
13,54:754
13,55:70
13,56:267
13,57:389
13,58:906
13,59:161
13,60:58
13,61:147
13,62:492
13,63:159
13,64:138
13,65:777
13,66:455
13,67:22
13,68:275
13,69:32
13,70:207
13,71:568
13,72:454
13,73:269
13,74:432
13,75:154
13,76:162
13,77:78
13,78:587
13,79:102
13,80:18
13,81:128
13,82:149
13,83:130
13,84:224
13,85:395
13,86:357
13,87:343
13,88:684
13,89:464
13,90:842
14,5:257
14,6:695
14,7:412
14,8:867
14,9:98
14,13:247
14,15:1093
14,16:1022
14,17:116
14,18:525
14,19:265
14,20:11
14,21:37
14,22:861
14,23:73
14,24:531
14,25:630
14,26:918
14,27:1175
14,28:270
14,29:1033
14,30:425
14,35:1146
14,36:234
14,37:966
14,38:112
14,43:331
14,44:496
14,45:595
14,46:104
14,48:877
14,49:598
14,50:77
14,51:353
14,52:958
14,53:342
15,5:836
15,6:398
15,7:681
15,8:226
15,9:995
15,13:846
15,14:1093
15,16:71
15,17:1209
15,18:568
15,19:828
15,20:1082
15,21:1056
15,22:232
15,23:1020
15,24:562
15,25:463
15,26:175
15,27:82
15,28:823
15,29:60
15,30:668
15,31:1074
15,32:1184
15,33:719
15,34:698
15,35:53
15,36:859
15,37:127
15,38:1205
15,39:517
15,40:202
15,41:127
15,42:68
15,43:762
15,44:597
15,45:498
15,46:989
15,47:317
15,48:216
15,49:495
15,50:1016
15,51:740
15,52:135
15,53:751
15,54:92
15,55:916
15,56:1113
15,57:457
15,58:60
15,59:685
15,60:788
15,61:699
15,62:354
15,63:1005
15,64:708
15,65:69
15,66:391
15,67:868
15,68:1121
15,69:878
15,70:1053
15,71:278
15,72:392
15,73:577
15,74:414
15,75:692
15,76:684
15,77:924
15,78:259
15,79:744
15,80:864
15,81:718
15,83:976
15,84:622
15,85:1241
15,86:489
15,87:1189
15,88:162
15,89:382
15,90:4
15,91:748
15,92:1149
15,93:1211
15,94:1085
15,95:1029
15,96:740
15,97:808
15,98:73
15,99:711
15,100:52
15,101:696
15,102:325
15,103:16
15,104:1230
15,105:53
15,106:964
15,107:1221
15,108:992
15,109:782
15,110:486
16,5:765
16,6:327
16,7:610
16,8:155
16,9:924
16,13:775
16,14:1022
16,15:71
16,17:1138
16,18:497
16,19:757
16,20:1011
16,21:985
16,22:161
16,23:949
16,24:491
16,25:392
16,26:104
16,27:153
16,28:752
16,29:11
16,30:597
16,31:1003
16,32:1113
16,33:648
16,34:627
16,36:788
16,37:56
16,38:1134
16,39:446
16,40:131
16,41:56
16,42:139
16,44:526
16,45:427
16,46:918
16,47:246
16,50:945
16,51:669
16,52:64
16,54:21
16,55:845
16,56:1042
16,57:386
16,58:131
16,59:614
16,60:717
16,61:628
16,62:283
16,63:934
16,64:637
16,65:2
16,66:320
16,67:797
16,68:1050
16,69:807
16,70:982
16,71:207
16,72:321
16,73:506
16,74:343
16,75:621
16,76:613
16,77:853
16,78:188
16,79:673
16,80:793
16,81:647
16,82:924
16,83:905
16,84:551
16,85:1170
16,86:418
16,87:1118
16,88:91
16,89:311
16,90:67
17,5:373
17,6:811
17,7:528
17,8:983
17,9:214
17,13:363
17,14:116
17,15:1209
17,16:1138
17,18:641
17,19:381
17,20:127
17,21:153
17,22:977
17,23:189
17,24:647
17,25:746
17,26:1034
17,27:1291
17,28:386
17,29:1149
17,30:541
17,31:135
17,32:25
17,33:490
17,34:511
17,35:1262
17,37:1082
17,38:4
17,39:692
17,40:1007
17,41:1082
17,42:1277
17,43:447
17,45:711
17,46:220
17,47:892
17,48:993
17,49:714
17,51:469
17,52:1074
17,53:458
17,54:1117
17,55:293
17,56:96
17,57:752
17,58:1269
17,59:524
17,60:421
17,61:510
17,62:855
17,63:204
17,64:501
17,65:1140
17,66:818
17,67:341
17,68:88
17,69:331
17,70:156
17,71:931
17,72:817
17,73:632
17,74:795
17,75:517
17,76:525
17,77:285
17,78:950
17,79:465
17,80:345
17,81:491
17,82:214
17,83:233
17,84:587
17,85:32
17,86:720
17,87:20
17,88:1047
17,89:827
17,90:1205
18,5:268
18,6:170
18,7:113
18,8:342
18,9:427
18,13:278
18,14:525
18,15:568
18,16:497
18,17:641
18,19:260
18,20:514
18,21:488
18,22:336
18,23:452
18,24:6
18,25:105
18,26:393
18,27:650
18,28:255
18,29:508
18,30:100
18,31:506
18,32:616
18,33:151
18,34:130
18,35:621
18,36:291
18,38:637
18,39:51
18,40:366
18,41:441
18,42:636
18,43:194
18,44:29
18,46:421
18,47:251
18,48:352
18,49:73
18,50:448
18,52:433
18,53:183
18,54:476
18,55:348
18,56:545
18,57:111
18,58:628
18,59:117
18,60:220
18,61:131
18,62:214
18,63:437
18,64:140
18,65:499
18,66:177
18,67:300
18,68:553
18,69:310
18,70:485
18,71:290
18,72:176
18,73:9
18,74:154
18,75:124
18,76:116
18,77:356
18,78:309
18,79:176
18,80:296
18,81:150
18,82:427
18,83:408
18,84:54
18,85:673
18,86:79
18,87:621
18,88:406
18,89:186
18,90:564
19,5:8
19,6:430
19,7:147
19,8:602
19,9:167
19,13:18
19,14:265
19,15:828
19,16:757
19,17:381
19,18:260
19,20:254
19,21:228
19,22:596
19,23:192
19,24:266
19,25:365
19,26:653
19,27:910
19,28:5
19,29:768
19,30:160
19,31:246
19,32:356
19,33:109
19,34:130
19,35:881
19,36:31
19,37:701
19,39:311
19,40:626
19,41:701
19,42:896
19,43:66
19,44:231
19,45:330
19,47:511
19,48:612
19,49:333
19,50:188
19,51:88
19,53:77
19,54:736
19,55:88
19,56:285
19,57:371
19,58:888
19,59:143
19,60:40
19,61:129
19,62:474
19,63:177
19,64:120
19,65:759
19,66:437
19,67:40
19,68:293
19,69:50
19,70:225
19,71:550
19,72:436
19,73:251
19,74:414
19,75:136
19,76:144
19,77:96
19,78:569
19,79:84
19,80:36
19,81:110
19,82:167
19,83:148
19,84:206
19,85:413
19,86:339
19,87:361
19,88:666
19,89:446
19,90:824
20,5:246
20,6:684
20,7:401
20,8:856
20,9:87
20,13:236
20,14:11
20,15:1082
20,16:1011
20,17:127
20,18:514
20,19:254
20,21:26
20,22:850
20,23:62
20,24:520
20,25:619
20,26:907
20,27:1164
20,28:259
20,29:1022
20,30:414
20,31:8
20,32:102
20,33:363
20,34:384
20,35:1135
20,36:223
20,37:955
20,38:123
20,39:565
20,40:880
20,41:955
20,42:1150
20,43:320
20,44:485
20,45:584
20,46:93
20,47:765
20,48:866
20,49:587
20,50:66
20,51:342
20,52:947
20,53:331
20,54:990
20,55:166
20,56:31
20,57:625
20,58:1142
20,59:397
20,60:294
20,61:383
20,62:728
20,63:77
20,64:374
20,65:1013
20,66:691
20,67:214
20,68:39
20,69:204
20,70:29
20,71:804
20,72:690
20,73:505
20,74:668
20,75:390
20,76:398
20,77:158
20,78:823
20,79:338
20,80:218
20,81:364
20,82:87
20,83:106
20,84:460
20,85:159
20,86:593
20,87:107
20,88:920
20,89:700
20,90:1078
20,91:334
21,5:220
21,6:658
21,7:375
21,8:830
21,9:61
21,13:210
21,14:37
21,15:1056
21,16:985
21,17:153
21,18:488
21,19:228
21,20:26
21,22:824
21,23:36
21,24:494
21,25:593
21,26:881
21,27:1138
21,28:233
21,29:996
21,30:388
21,31:18
21,32:128
21,33:337
21,34:358
21,35:1109
21,36:197
21,37:929
21,38:149
21,39:539
21,40:854
21,41:929
21,42:1124
21,43:294
21,44:459
21,45:558
21,46:67
21,47:739
21,48:840
21,49:561
21,50:40
21,51:316
21,52:921
21,53:305
21,54:964
21,55:140
21,56:57
21,57:599
21,58:1116
21,59:371
21,60:268
21,61:357
21,62:702
21,63:51
21,64:348
21,65:987
21,66:665
21,67:188
21,68:65
21,69:178
21,70:3
21,71:778
21,72:664
21,73:479
21,74:642
21,75:364
21,76:372
21,77:132
21,78:797
21,79:312
21,80:192
21,81:338
21,82:61
21,83:80
21,84:434
21,85:185
21,86:567
21,87:133
21,88:894
21,89:674
21,90:1052
21,91:308
21,92:93
21,93:155
21,94:29
21,95:27
21,96:316
21,97:248
21,98:1129
21,99:345
21,100:1108
21,101:360
21,102:731
21,103:1040
21,104:174
21,105:1109
21,106:92
21,107:165
21,108:64
21,109:274
21,110:570
21,111:491
22,5:604
22,6:166
22,7:449
22,8:6
22,9:763
22,13:614
22,15:232
22,16:161
22,17:977
22,18:336
22,19:596
22,20:850
22,21:824
22,23:788
22,24:330
22,25:231
22,26:57
22,27:314
22,28:591
22,29:172
22,30:436
22,31:842
22,32:952
22,33:487
22,34:466
22,35:285
22,36:627
22,37:105
22,38:973
22,41:105
22,42:300
22,43:530
22,44:365
22,45:266
22,46:757
22,47:85
22,48:16
22,49:263
22,50:784
22,51:508
22,52:97
22,53:519
22,54:140
22,55:684
22,56:881
22,57:225
22,58:292
22,59:453
22,60:556
22,61:467
22,62:122
22,63:773
22,64:476
22,65:163
22,66:159
22,67:636
22,68:889
22,69:646
22,70:821
22,71:46
22,72:160
22,73:345
22,74:182
22,75:460
22,76:452
22,77:692
22,78:27
22,79:512
22,80:632
22,81:486
22,82:763
22,83:744
22,84:390
22,85:1009
22,86:257
22,87:957
22,88:70
22,89:150
22,90:228
23,5:184
23,6:622
23,7:339
23,8:794
23,9:25
23,13:174
23,15:1020
23,16:949
23,17:189
23,18:452
23,19:192
23,20:62
23,21:36
23,22:788
23,24:458
23,25:557
23,26:845
23,27:1102
23,28:197
23,29:960
23,30:352
23,31:54
23,32:164
23,33:301
23,34:322
23,35:1073
23,36:161
23,37:893
23,38:185
23,39:503
23,40:818
23,42:1088
23,43:258
23,44:423
23,45:522
23,46:31
23,47:703
23,48:804
23,49:525
23,50:4
23,51:280
23,52:885
23,53:269
23,54:928
23,55:104
23,56:93
23,57:563
23,58:1080
23,59:335
23,60:232
23,61:321
23,62:666
23,63:15
23,64:312
23,65:951
23,66:629
23,67:152
23,68:101
23,71:742
23,72:628
23,74:606
23,76:336
23,80:156
23,81:302
23,82:25
23,86:531
23,87:169
23,90:1016
24,5:274
24,6:164
24,7:119
24,8:336
24,9:433
24,13:284
24,15:562
24,16:491
24,17:647
24,18:6
24,19:266
24,20:520
24,21:494
24,22:330
24,23:458
24,25:99
24,26:387
24,27:644
24,28:261
24,29:502
24,30:106
24,31:512
24,32:622
24,33:157
24,34:136
24,35:615
24,36:297
24,37:435
24,38:643
24,39:45
24,40:360
24,41:435
24,42:630
24,43:200
24,44:35
24,45:64
24,46:427
24,47:245
24,48:346
24,49:67
24,50:454
24,51:178
24,52:427
24,53:189
24,54:470
24,55:354
24,56:551
24,57:105
24,58:622
24,59:123
24,60:226
24,61:137
24,62:208
24,63:443
24,64:146
24,65:493
24,66:171
24,67:306
24,68:559
24,69:316
24,70:491
24,71:284
24,72:170
24,74:148
24,76:122
24,80:302
24,81:156
24,82:433
24,86:73
24,87:627
24,90:558
25,5:373
25,6:65
25,7:218
25,8:237
25,9:532
25,13:383
25,15:463
25,16:392
25,17:746
25,18:105
25,19:365
25,20:619
25,21:593
25,22:231
25,23:557
25,24:99
25,26:288
25,27:545
25,28:360
25,29:403
25,30:205
25,31:611
25,32:721
25,33:256
25,34:235
25,35:516
25,36:396
25,37:336
25,38:742
25,39:54
25,40:261
25,41:336
25,43:299
25,44:134
25,45:35
25,46:526
25,48:247
25,49:32
25,50:553
25,51:277
25,52:328
25,53:288
26,5:661
26,6:223
26,7:506
26,8:51
26,9:820
26,13:671
26,14:918
26,16:104
26,17:1034
26,18:393
26,19:653
26,20:907
26,21:881
26,22:57
26,23:845
26,24:387
26,25:288
26,27:257
26,28:648
26,29:115
26,30:493
26,31:899
26,32:1009
26,33:544
26,34:523
26,35:228
26,36:684
26,37:48
26,38:1030
26,39:342
26,40:27
26,41:48
26,42:243
26,43:587
26,44:422
26,45:323
26,46:814
26,47:142
26,48:41
26,49:320
26,50:841
26,51:565
26,52:40
26,53:576
26,54:83
26,55:741
26,56:938
26,57:282
26,58:235
26,59:510
26,60:613
26,61:524
26,62:179
26,63:830
26,64:533
26,65:106
26,66:216
26,67:693
26,68:946
26,69:703
26,70:878
26,71:103
26,72:217
26,73:402
26,74:239
26,75:517
26,76:509
26,77:749
26,78:84
26,79:569
26,80:689
26,81:543
26,82:820
26,83:801
26,84:447
26,85:1066
26,86:314
26,87:1014
26,88:13
26,89:207
26,90:171
26,91:573
26,92:974
26,93:1036
26,94:910
26,95:854
26,96:565
26,97:633
26,98:248
26,99:536
26,100:227
26,101:521
26,102:150
26,103:159
26,104:1055
26,105:228
26,106:789
26,107:1046
26,108:817
26,109:607
26,110:311
27,5:918
27,6:480
27,7:763
27,8:308
27,9:1077
27,13:928
27,14:1175
27,15:82
27,17:1291
27,18:650
27,19:910
27,20:1164
27,21:1138
27,22:314
27,23:1102
27,24:644
27,25:545
27,26:257
27,28:905
27,29:142
27,30:750
27,31:1156
27,32:1266
27,33:801
27,34:780
27,35:29
27,36:941
27,37:209
27,38:1287
27,39:599
27,40:284
27,41:209
27,42:14
27,44:679
27,45:580
27,46:1071
27,47:399
27,50:1098
27,51:822
27,52:217
27,54:174
27,55:998
27,56:1195
27,57:539
27,58:22
27,59:767
27,60:870
27,61:781
27,62:436
27,63:1087
27,64:790
27,65:151
27,66:473
27,67:950
27,68:1203
27,69:960
27,70:1135
27,71:360
27,72:474
27,73:659
27,74:496
27,75:774
27,76:766
27,77:1006
27,78:341
27,79:826
27,80:946
27,81:800
27,82:1077
27,83:1058
27,84:704
27,85:1323
27,86:571
27,87:1271
27,88:244
27,89:464
27,90:86
28,5:13
28,6:425
28,7:142
28,8:597
28,9:172
28,13:23
28,14:270
28,15:823
28,16:752
28,18:255
28,19:5
28,20:259
28,21:233
28,22:591
28,23:197
28,24:261
28,25:360
28,26:648
28,27:905
28,29:763
28,30:155
28,31:251
28,32:361
28,33:104
28,34:125
28,35:876
28,36:36
28,37:696
28,38:382
28,39:306
28,40:621
28,41:696
28,42:891
28,43:61
28,45:325
28,46:166
28,47:506
28,48:607
28,49:328
28,51:83
28,52:688
28,53:72
28,54:731
28,55:93
28,56:290
28,57:366
28,58:883
28,59:138
28,60:35
28,61:124
28,62:469
28,63:182
28,64:115
28,65:754
28,66:432
28,67:45
28,68:298
28,69:55
28,70:230
28,71:545
28,72:431
28,73:246
28,74:409
28,75:131
28,76:139
28,77:101
28,78:564
28,79:79
28,80:41
28,81:105
28,82:172
28,83:153
28,84:201
28,85:418
28,86:334
28,87:366
28,88:661
28,89:441
28,90:819
29,5:776
29,6:338
29,7:621
29,8:166
29,9:935
29,13:786
29,14:1033
29,15:60
29,16:11
29,17:1149
29,19:768
29,20:1022
29,21:996
29,22:172
29,23:960
29,24:502
29,25:403
29,26:115
29,27:142
29,28:763
29,30:608
29,31:1014
29,32:1124
29,33:659
29,34:638
29,35:113
29,36:799
29,37:67
29,38:1145
29,39:457
29,40:142
29,41:67
29,42:128
29,43:702
29,44:537
29,46:929
29,47:257
29,48:156
29,49:435
29,50:956
29,52:75
29,53:691
29,54:32
29,55:856
29,56:1053
29,57:397
29,58:120
29,59:625
29,60:728
29,61:639
29,62:294
29,63:945
29,64:648
29,65:9
29,66:331
29,67:808
29,68:1061
29,69:818
29,70:993
29,71:218
29,72:332
29,73:517
29,74:354
29,75:632
29,76:624
29,77:864
29,78:199
29,79:684
29,80:804
29,81:658
29,82:935
29,83:916
29,84:562
29,85:1181
29,86:429
29,87:1129
29,88:102
29,89:322
29,90:56
30,5:168
30,6:270
30,7:13
30,8:442
30,9:327
30,13:178
30,14:425
30,15:668
30,16:597
30,17:541
30,18:100
30,20:414
30,21:388
30,22:436
30,23:352
30,24:106
30,25:205
30,26:493
30,27:750
30,28:155
30,29:608
30,31:406
30,32:516
30,33:51
30,34:30
30,35:721
30,36:191
30,37:541
30,38:537
30,39:151
30,40:466
30,41:541
30,42:736
30,43:94
30,44:71
30,45:170
30,47:351
30,48:452
30,49:173
30,50:348
30,51:72
30,53:83
30,54:576
30,55:248
30,56:445
30,57:211
30,58:728
30,59:17
30,60:120
30,61:31
30,62:314
30,63:337
30,64:40
30,65:599
30,66:277
30,67:200
30,68:453
30,69:210
30,70:385
30,71:390
30,72:276
30,73:91
30,74:254
30,75:24
30,76:16
30,77:256
30,78:409
30,79:76
30,80:196
30,81:50
30,82:327
30,83:308
30,84:46
30,85:573
30,86:179
30,87:521
30,88:506
30,89:286
30,90:664
31,5:238
31,6:676
31,7:393
31,8:848
31,9:79
31,13:228
31,15:1074
31,16:1003
31,17:135
31,18:506
31,19:246
31,20:8
31,21:18
31,23:54
31,24:512
31,25:611
31,26:899
31,27:1156
31,28:251
31,29:1014
31,30:406
31,32:110
31,33:355
31,34:376
31,35:1127
31,36:215
31,37:947
31,38:131
31,39:557
31,41:947
31,42:1142
31,43:312
31,44:477
31,45:576
31,46:85
31,47:757
31,48:858
31,49:579
31,50:58
31,51:334
31,52:939
31,53:323
31,54:982
31,55:158
31,56:39
31,57:617
31,58:1134
31,59:389
31,60:286
31,61:375
31,62:720
31,63:69
31,64:366
31,65:1005
31,66:683
31,67:206
31,68:47
31,69:196
31,70:21
31,71:796
31,72:682
31,73:497
31,74:660
31,75:382
31,76:390
31,77:150
31,78:815
31,79:330
31,80:210
31,81:356
31,82:79
31,83:98
31,84:452
31,85:167
31,86:585
31,87:115
31,88:912
31,89:692
31,90:1070
31,91:326
31,92:75
31,93:137
31,94:11
31,95:45
31,96:334
31,97:266
31,98:1147
31,99:363
31,100:1126
31,101:378
31,102:749
31,103:1058
31,104:156
31,105:1127
31,106:110
31,107:147
31,108:82
31,109:292
31,110:588
32,5:348
32,6:786
32,7:503
32,8:958
32,13:338
32,15:1184
32,16:1113
32,17:25
32,18:616
32,19:356
32,20:102
32,21:128
32,22:952
32,24:622
32,25:721
32,26:1009
32,27:1266
32,28:361
32,29:1124
32,30:516
32,31:110
32,33:465
32,34:486
32,35:1237
32,36:325
32,37:1057
32,38:21
32,39:667
32,40:982
32,41:1057
32,42:1252
32,43:422
32,44:587
32,45:686
32,46:195
32,47:867
32,48:968
32,49:689
32,50:168
32,51:444
32,52:1049
32,53:433
32,54:1092
32,55:268
32,56:71
32,57:727
32,58:1244
32,59:499
32,60:396
32,61:485
32,62:830
32,63:179
32,64:476
32,65:1115
32,66:793
32,67:316
32,68:63
32,71:906
32,72:792
32,74:770
32,76:500
32,80:320
32,81:466
32,82:189
32,86:695
32,87:5
32,90:1180
33,5:117
33,6:321
33,7:38
33,8:493
33,9:276
33,13:127
33,15:719
33,16:648
33,17:490
33,18:151
33,19:109
33,20:363
33,21:337
33,22:487
33,24:157
33,25:256
33,26:544
33,27:801
33,28:104
33,29:659
33,30:51
33,31:355
33,32:465
33,34:21
33,35:772
33,36:140
33,37:592
33,38:486
33,39:202
33,40:517
33,41:592
33,42:787
33,43:43
33,44:122
33,45:221
33,46:270
33,47:402
33,48:503
33,49:224
33,50:297
33,51:21
33,52:584
33,53:32
33,54:627
33,55:197
33,56:394
33,57:262
33,58:779
33,59:34
33,60:69
33,61:20
33,62:365
33,63:286
33,64:11
33,65:650
33,66:328
33,67:149
33,68:402
33,69:159
33,70:334
33,71:441
33,72:327
33,73:142
33,74:305
33,75:27
33,76:35
33,77:205
33,78:460
33,79:25
33,80:145
33,81:1
33,82:276
33,83:257
33,84:97
33,85:522
33,86:230
33,87:470
33,88:557
33,89:337
33,90:715
33,91:29
33,92:430
33,93:492
33,94:366
33,95:310
33,96:21
33,97:89
33,98:792
33,99:8
33,100:771
33,101:23
33,102:394
33,103:703
33,104:511
33,105:772
33,106:245
33,107:502
33,108:273
33,109:63
33,110:233
33,111:154
34,5:138
34,6:300
34,7:17
34,8:472
34,9:297
34,13:148
34,15:698
34,16:627
34,17:511
34,18:130
34,19:130
34,20:384
34,21:358
34,22:466
34,23:322
34,24:136
34,26:523
34,27:780
34,28:125
34,29:638
34,30:30
34,31:376
34,32:486
34,33:21
34,35:751
34,36:161
34,37:571
34,38:507
34,39:181
34,40:496
34,41:571
34,42:766
34,43:64
34,44:101
34,45:200
34,46:291
34,48:482
34,49:203
34,50:318
34,51:42
34,52:563
34,53:53
35,5:889
35,6:451
35,7:734
35,8:279
35,9:1048
35,13:899
35,14:1146
35,15:53
35,17:1262
35,18:621
35,19:881
35,20:1135
35,21:1109
35,22:285
35,23:1073
35,24:615
35,25:516
35,26:228
35,28:876
35,29:113
35,30:721
35,31:1127
35,32:1237
35,33:772
35,34:751
35,36:912
35,37:180
35,38:1258
35,39:570
35,40:255
35,41:180
35,42:15
35,43:815
35,44:650
35,45:551
35,46:1042
35,47:370
35,50:1069
35,51:793
35,52:188
35,54:145
35,55:969
35,56:1166
35,57:510
35,58:7
35,59:738
35,60:841
35,61:752
35,62:407
35,63:1058
35,64:761
35,65:122
35,66:444
35,67:921
35,68:1174
35,69:931
35,70:1106
35,71:331
35,72:445
35,73:630
35,74:467
35,75:745
35,76:737
35,77:977
35,78:312
35,79:797
35,80:917
35,81:771
35,82:1048
35,83:1029
35,84:675
35,85:1294
35,86:542
35,87:1242
35,88:215
35,89:435
35,90:57
36,5:23
36,6:461
36,7:178
36,8:633
36,9:136
36,13:13
36,14:234
36,15:859
36,16:788
36,18:291
36,19:31
36,20:223
36,21:197
36,22:627
36,23:161
36,24:297
36,25:396
36,26:684
36,27:941
36,29:799
36,30:191
36,31:215
36,32:325
36,33:140
36,34:161
36,35:912
36,37:732
36,38:346
36,39:342
36,40:657
36,41:732
36,42:927
36,43:97
36,44:262
36,45:361
36,46:130
36,47:542
36,48:643
36,49:364
36,51:119
36,52:724
36,53:108
36,54:767
36,55:57
36,56:254
36,57:402
36,58:919
36,59:174
36,60:71
36,61:160
36,62:505
36,63:146
36,64:151
36,65:790
36,66:468
36,67:9
36,68:262
36,69:19
36,70:194
36,71:581
36,72:467
36,73:282
36,74:445
36,75:167
36,76:175
36,77:65
36,78:600
36,79:115
36,80:5
36,81:141
36,82:136
36,83:117
36,84:237
36,85:382
36,86:370
36,87:330
36,88:697
36,89:477
36,90:855
36,91:111
37,5:709
37,6:271
37,7:554
37,8:99
37,9:868
37,13:719
37,14:966
37,15:127
37,16:56
37,17:1082
37,19:701
37,20:955
37,21:929
37,22:105
37,23:893
37,24:435
37,25:336
37,26:48
37,27:209
37,28:696
37,30:541
37,31:947
37,32:1057
37,33:592
37,34:571
37,35:180
37,36:732
37,38:1078
37,39:390
37,40:75
37,42:195
37,43:635
37,44:470
37,45:371
37,46:862
37,47:190
37,48:89
37,49:368
37,50:889
37,52:8
37,53:624
37,54:35
37,55:789
37,56:986
37,57:330
37,58:187
37,59:558
37,60:661
37,61:572
37,62:227
37,63:878
37,64:581
37,65:58
37,66:264
37,67:741
37,68:994
37,69:751
37,70:926
37,71:151
37,72:265
37,73:450
37,74:287
37,75:565
37,76:557
37,77:797
37,78:132
37,79:617
37,80:737
37,81:591
37,82:868
37,83:849
37,84:495
37,85:1114
37,86:362
37,87:1062
37,88:35
37,89:255
37,90:123
37,91:621
38,5:369
38,6:807
38,7:524
38,8:979
38,9:210
38,13:359
38,14:112
38,15:1205
38,16:1134
38,17:4
38,18:637
38,20:123
38,21:149
38,22:973
38,23:185
38,24:643
38,25:742
38,26:1030
38,27:1287
38,28:382
38,29:1145
38,31:131
38,32:21
38,33:486
38,34:507
38,35:1258
38,36:346
38,37:1078
38,39:688
38,40:1003
38,41:1078
38,42:1273
38,43:443
38,44:608
38,45:707
38,46:216
38,47:888
38,48:989
38,49:710
38,50:189
38,51:465
38,53:454
38,54:1113
38,55:289
38,56:92
38,57:748
38,58:1265
38,59:520
38,60:417
38,61:506
38,62:851
38,63:200
38,64:497
38,65:1136
38,66:814
38,67:337
38,68:84
38,69:327
38,70:152
38,71:927
38,72:813
38,73:628
38,74:791
38,75:513
38,76:521
38,77:281
38,78:946
38,79:461
38,80:341
38,81:487
38,82:210
38,83:229
38,84:583
38,85:36
38,86:716
38,87:16
38,88:1043
38,89:823
38,90:1201
38,91:457
39,7:164
39,8:291
39,9:478
39,13:329
39,15:517
39,16:446
39,17:692
39,18:51
39,19:311
39,20:565
39,21:539
39,23:503
39,24:45
39,25:54
39,26:342
39,27:599
39,28:306
39,29:457
39,30:151
39,32:667
39,33:202
39,34:181
39,35:570
39,36:342
39,37:390
39,38:688
39,40:315
39,41:390
39,42:585
39,43:245
39,44:80
39,45:19
39,46:472
39,47:200
39,48:301
39,49:22
39,50:499
39,51:223
39,52:382
39,53:234
39,54:425
39,55:399
39,56:596
39,57:60
39,58:577
39,59:168
39,60:271
39,61:182
39,62:163
39,63:488
39,64:191
39,65:448
39,66:126
39,67:351
39,68:604
39,69:361
39,70:536
39,71:239
39,72:125
39,73:60
39,74:103
39,75:175
39,76:167
39,77:407
39,78:258
39,79:227
39,80:347
39,81:201
39,82:478
39,83:459
39,84:105
39,85:724
39,86:28
39,87:672
39,88:355
39,89:135
39,90:513
39,91:231
39,92:632
39,93:694
39,94:568
39,95:512
39,96:223
39,97:291
39,98:590
39,99:194
39,100:569
39,101:179
39,102:192
39,103:501
39,104:713
39,105:570
39,106:447
39,107:704
39,108:475
39,109:265
39,110:31
40,7:479
40,8:24
40,9:793
40,13:644
40,15:202
40,16:131
40,17:1007
40,18:366
40,19:626
40,20:880
40,21:854
40,23:818
40,24:360
40,25:261
40,26:27
40,27:284
40,28:621
40,29:142
40,30:466
40,32:982
40,33:517
40,34:496
40,35:255
40,36:657
40,37:75
40,38:1003
40,41:75
40,42:270
40,43:560
40,44:395
40,45:296
40,46:787
40,47:115
40,48:14
40,49:293
40,50:814
40,51:538
40,52:67
40,53:549
40,54:110
40,55:714
40,56:911
40,57:255
40,58:262
40,59:483
40,60:586
40,61:497
40,62:152
40,63:803
40,64:506
40,65:133
40,66:189
40,67:666
40,68:919
40,69:676
40,70:851
40,71:76
40,72:190
40,73:375
40,74:212
40,75:490
40,76:482
40,77:722
40,78:57
40,79:542
40,80:662
40,81:516
40,82:793
40,83:774
40,84:420
40,85:1039
40,86:287
40,87:987
40,88:40
40,89:180
40,90:198
40,91:546
40,92:947
40,93:1009
40,94:883
40,95:827
40,96:538
40,97:606
40,98:275
40,99:509
40,100:254
40,101:494
40,102:123
40,103:186
40,104:1028
40,105:255
40,106:762
40,107:1019
40,108:790
40,109:580
40,110:284
40,111:363
41,5:709
41,6:271
41,7:554
41,8:99
41,13:719
41,15:127
41,16:56
41,17:1082
41,18:441
41,19:701
41,20:955
41,21:929
41,22:105
41,24:435
41,25:336
41,26:48
41,27:209
41,28:696
41,29:67
41,30:541
41,31:947
41,33:592
41,34:571
41,35:180
41,36:732
41,38:1078
41,39:390
41,40:75
41,42:195
41,43:635
41,44:470
41,45:371
41,46:862
41,47:190
41,48:89
41,49:368
41,50:889
41,51:613
41,52:8
41,53:624
41,54:35
41,55:789
41,56:986
41,57:330
41,58:187
41,59:558
41,60:661
41,61:572
41,62:227
41,63:878
41,64:581
41,65:58
41,66:264
41,67:741
41,68:994
41,69:751
41,70:926
41,71:151
41,72:265
41,74:287
41,76:557
41,80:737
41,81:591
41,82:868
41,86:362
41,87:1062
41,90:123
42,5:904
42,6:466
42,7:749
42,8:294
42,9:1063
42,13:914
42,15:68
42,16:139
42,17:1277
42,18:636
42,19:896
42,20:1150
42,21:1124
42,22:300
42,23:1088
42,24:630
42,26:243
42,27:14
42,28:891
42,29:128
42,30:736
42,31:1142
42,32:1252
42,33:787
42,35:15
42,36:927
42,37:195
42,38:1273
42,39:585
42,40:270
42,41:195
42,43:830
42,44:665
42,45:566
42,46:1057
42,47:385
42,48:284
42,49:563
42,50:1084
42,51:808
42,52:203
42,53:819
43,5:74
43,6:364
43,7:81
43,8:536
43,9:233
43,13:84
43,14:331
43,15:762
43,17:447
43,18:194
43,19:66
43,20:320
43,21:294
43,22:530
43,23:258
43,24:200
43,25:299
43,26:587
43,28:61
43,29:702
43,30:94
43,31:312
43,32:422
43,33:43
43,34:64
43,36:97
43,37:635
43,38:443
43,39:245
43,40:560
43,41:635
43,42:830
43,44:165
43,45:264
43,46:227
43,47:445
43,48:546
43,49:267
43,50:254
43,51:22
43,52:627
43,54:670
43,55:154
43,56:351
43,57:305
43,58:822
43,59:77
43,60:26
43,61:63
43,62:408
43,63:243
43,64:54
43,65:693
43,66:371
43,67:106
43,68:359
43,69:116
43,70:291
43,71:484
43,72:370
43,73:185
43,74:348
43,75:70
43,76:78
43,77:162
43,78:503
43,79:18
43,80:102
43,81:44
43,82:233
43,83:214
43,84:140
43,85:479
43,86:273
43,87:427
43,88:600
43,89:380
43,90:758
44,5:239
44,6:199
44,7:84
44,8:371
44,9:398
44,13:249
44,14:496
44,15:597
44,16:526
44,18:29
44,19:231
44,20:485
44,21:459
44,22:365
44,23:423
44,24:35
44,25:134
44,26:422
44,27:679
44,29:537
44,30:71
44,31:477
44,32:587
44,33:122
44,34:101
44,35:650
44,37:470
44,38:608
44,39:80
44,40:395
44,41:470
44,42:665
44,43:165
44,45:99
44,46:392
44,47:280
44,48:381
44,49:102
44,50:419
44,51:143
44,52:462
44,53:154
44,54:505
44,55:319
44,56:516
44,57:140
44,58:657
44,59:88
44,60:191
44,61:102
44,62:243
44,63:408
44,64:111
44,65:528
44,66:206
44,67:271
44,68:524
44,69:281
44,70:456
44,71:319
44,72:205
44,73:20
44,74:183
44,75:95
44,76:87
44,77:327
44,78:338
44,79:147
44,80:267
44,81:121
44,82:398
44,83:379
44,84:25
44,85:644
44,86:108
44,87:592
44,88:435
44,89:215
44,90:593
44,91:151
44,92:552
44,93:614
44,94:488
44,95:432
44,96:143
44,97:211
44,98:670
44,99:114
44,100:649
44,101:99
44,102:272
44,103:581
44,104:633
44,105:650
44,106:367
44,107:624
44,108:395
44,109:185
44,110:111
45,5:338
45,6:100
45,7:183
45,8:272
45,9:497
45,13:348
45,14:595
45,15:498
45,16:427
45,17:711
45,19:330
45,20:584
45,21:558
45,22:266
45,23:522
45,24:64
45,25:35
45,26:323
45,27:580
45,28:325
45,30:170
45,31:576
45,32:686
45,33:221
45,34:200
45,35:551
45,36:361
45,38:707
45,39:19
45,40:296
45,41:371
45,42:566
45,43:264
45,44:99
45,46:491
45,47:181
45,48:282
45,49:3
45,50:518
45,51:242
45,52:363
45,53:253
45,54:406
45,55:418
45,56:615
45,57:41
45,58:558
45,59:187
45,60:290
45,61:201
45,62:144
45,63:507
45,64:210
45,65:429
45,66:107
45,67:370
45,68:623
45,69:380
45,70:555
45,71:220
45,72:106
45,73:79
45,74:84
45,75:194
45,76:186
45,77:426
45,78:239
45,79:246
45,80:366
45,81:220
45,82:497
45,83:478
45,84:124
45,85:743
45,86:9
45,87:691
45,88:336
45,89:116
45,90:494
45,91:250
45,92:651
45,93:713
45,94:587
45,95:531
45,96:242
45,97:310
45,98:571
45,99:213
45,100:550
45,101:198
45,102:173
45,103:482
45,104:732
45,105:551
45,106:466
45,107:723
45,108:494
45,109:284
45,110:12
46,5:153
46,6:591
46,7:308
46,8:763
46,9:6
46,13:143
46,14:104
46,15:989
46,16:918
46,17:220
46,18:421
46,20:93
46,21:67
46,22:757
46,23:31
46,24:427
46,25:526
46,26:814
46,27:1071
46,28:166
46,29:929
46,31:85
46,32:195
46,33:270
46,34:291
46,35:1042
46,36:130
46,37:862
46,39:472
46,40:787
46,41:862
46,42:1057
46,43:227
46,44:392
46,45:491
46,47:672
46,48:773
46,49:494
46,50:27
46,51:249
46,52:854
46,53:238
46,54:897
46,55:73
46,56:124
46,57:532
46,58:1049
46,59:304
46,60:201
46,61:290
46,62:635
46,63:16
46,64:281
46,65:920
46,66:598
46,67:121
46,68:132
46,69:111
46,70:64
46,71:711
46,72:597
46,73:412
46,74:575
46,75:297
46,76:305
46,77:65
46,78:730
46,79:245
46,80:125
46,81:271
46,82:6
46,83:13
46,84:367
46,85:252
46,86:500
46,87:200
46,88:827
46,89:607
46,90:985
46,91:241
46,92:160
46,93:222
46,94:96
46,95:40
46,96:249
46,97:181
46,98:1062
46,99:278
46,100:1041
46,101:293
46,102:664
46,103:973
46,104:241
46,105:1042
46,106:25
46,107:232
46,108:3
46,109:207
46,110:503
47,5:519
47,6:81
47,7:364
47,8:91
47,9:678
47,13:529
47,15:317
47,16:246
47,17:892
47,18:251
47,19:511
47,20:765
47,21:739
47,22:85
47,23:703
47,24:245
47,26:142
47,27:399
47,28:506
47,29:257
47,30:351
47,31:757
47,32:867
47,33:402
47,35:370
47,36:542
47,37:190
47,38:888
47,39:200
47,40:115
47,41:190
47,43:445
47,44:280
47,45:181
47,46:672
47,48:101
47,49:178
47,50:699
47,51:423
47,52:182
47,53:434
47,54:225
47,55:599
47,56:796
47,57:140
47,58:377
47,59:368
47,60:471
48,5:620
48,6:182
48,7:465
48,8:10
48,9:779
48,13:630
48,14:877
48,15:216
48,17:993
48,18:352
48,19:612
48,20:866
48,21:840
48,22:16
48,23:804
48,24:346
48,25:247
48,26:41
48,28:607
48,29:156
48,30:452
48,31:858
48,32:968
48,33:503
48,34:482
48,36:643
48,37:89
48,38:989
48,39:301
48,40:14
48,41:89
48,42:284
48,44:381
48,45:282
48,46:773
48,47:101
48,49:279
48,50:800
48,51:524
48,52:81
48,53:535
48,54:124
48,55:700
48,56:897
48,57:241
48,58:276
48,59:469
48,60:572
48,61:483
48,62:138
48,63:789
48,64:492
48,65:147
48,66:175
48,67:652
48,68:905
48,69:662
48,70:837
48,71:62
48,72:176
48,73:361
48,74:198
48,75:476
48,76:468
48,77:708
48,78:43
48,79:528
48,80:648
48,81:502
48,82:779
48,83:760
48,84:406
48,85:1025
48,86:273
48,87:973
48,88:54
48,89:166
48,90:212
48,91:532
48,92:933
48,93:995
48,94:869
48,95:813
48,96:524
48,97:592
48,98:289
48,99:495
48,100:268
48,101:480
48,102:109
48,103:200
48,104:1014
48,105:269
48,106:748
48,107:1005
48,108:776
48,109:566
48,110:270
49,5:341
49,6:97
49,7:186
49,8:269
49,9:500
49,13:351
49,14:598
49,15:495
49,17:714
49,18:73
49,19:333
49,20:587
49,21:561
49,22:263
49,23:525
49,24:67
49,25:32
49,26:320
49,28:328
49,29:435
49,30:173
49,31:579
49,32:689
49,33:224
49,34:203
49,36:364
49,37:368
49,38:710
49,39:22
49,40:293
49,41:368
49,42:563
49,44:102
49,45:3
49,46:494
49,47:178
49,48:279
49,50:521
49,51:245
49,52:360
49,53:256
49,54:403
49,55:421
49,56:618
49,57:38
49,58:555
49,59:190
49,60:293
49,61:204
49,62:141
49,63:510
49,64:213
49,65:426
49,66:104
49,67:373
49,68:626
49,69:383
49,70:558
49,71:217
49,72:103
49,73:82
49,74:81
49,75:197
49,76:189
49,77:429
49,78:236
49,79:249
49,80:369
49,81:223
49,82:500
49,83:481
49,84:127
49,85:746
49,86:6
49,87:694
49,88:333
49,89:113
49,90:491
49,91:253
50,5:180
50,6:618
50,7:335
50,8:790
50,9:21
50,13:170
50,14:77
50,15:1016
50,16:945
50,18:448
50,19:188
50,20:66
50,21:40
50,22:784
50,23:4
50,24:454
50,25:553
50,26:841
50,27:1098
50,29:956
50,30:348
50,31:58
50,32:168
50,33:297
50,34:318
50,35:1069
50,37:889
50,38:189
50,39:499
50,40:814
50,41:889
50,42:1084
50,43:254
50,45:518
50,46:27
50,47:699
50,48:800
50,49:521
50,51:276
50,52:881
50,53:265
50,54:924
50,55:100
50,56:97
50,57:559
50,58:1076
50,59:331
50,60:228
50,61:317
50,62:662
50,63:11
50,64:308
50,65:947
50,66:625
50,67:148
50,68:105
50,69:138
50,70:37
50,71:738
50,72:624
50,73:439
50,74:602
50,75:324
50,76:332
50,77:92
50,78:757
50,79:272
50,80:152
50,81:298
50,82:21
50,83:40
50,84:394
50,85:225
50,86:527
50,87:173
50,88:854
50,89:634
50,90:1012
50,91:268
50,92:133
50,93:195
50,94:69
50,95:13
50,96:276
