<number of tasks>
111

<cycle time>
6267

<task times>
1 1960
2 1715
3 735
4 1715
5 490
6 1225
7 169
8 2252
9 1225
10 2319
11 1715
12 980
13 735
14 2281
15 2750
16 77
17 89
18 51
19 364
20 405
21 3060
22 125
23 3429
24 43
25 3430
26 1960
27 29
28 27
29 15
30 121
31 1715
32 2127
33 1470
34 4037
35 68
36 62
37 42
38 364
39 4998
40 1470
41 2963
42 5689
43 68
44 18
45 10
46 81
47 5200
48 39
49 67
50 27
51 15
52 121
53 58
54 1715
55 125
56 4010
57 1470
58 1470
59 2303
60 1960
61 2205
62 4018
63 2744
64 2999
65 735
66 735
67 735
68 735
69 545
70 3386
71 3234
72 2205
73 2206
74 490
75 825
76 3528
77 3568
78 1200
79 618
80 1470
81 1715
82 735
83 1960
84 2889
85 618
86 490
87 735
88 490
89 921
90 326
91 5390
92 243
93 371
94 58
95 5059
96 1225
97 769
98 768
99 1670
100 1670
101 490
102 202
103 203
104 202
105 2744
106 162
107 324
108 162
109 121
110 162
111 91

<precedence relations>
1,2
2,3
3,4
4,5
4,6
4,7
4,8
4,9
4,10
5,39
6,39
7,83
8,71
9,32
10,11
10,12
11,13
11,14
11,15
11,16
11,17
11,18
11,19
11,20
11,21
12,13
12,14
12,15
12,16
12,17
12,18
12,19
12,20
12,21
13,71
14,22
14,23
14,24
14,25
15,26
16,27
17,28
18,29
19,30
20,91
21,111
22,31
22,83
23,32
23,33
24,69
24,70
25,34
26,82
27,35
28,36
29,37
30,38
31,39
32,41
33,111
34,42
35,43
36,44
36,91
37,45
37,91
38,46
38,91
39,40
40,111
41,69
41,70
42,47
43,48
43,49
44,50
45,51
46,52
47,54
47,55
47,56
47,57
47,58
47,59
47,60
48,53
49,91
50,111
51,111
52,111
53,111
54,69
54,70
55,61
55,62
55,63
56,63
56,64
57,65
57,91
58,66
58,91
59,67
59,91
60,68
60,91
61,69
61,70
62,71
63,111
64,72
65,111
66,111
67,111
68,111
69,77
69,78
70,73
71,91
72,74
73,75
74,76
75,77
75,78
75,79
76,80
76,81
76,82
77,83
78,84
79,85
80,86
80,91
81,87
81,91
82,111
83,91
84,88
84,89
84,91
85,111
86,111
87,90
88,105
89,105
90,111
91,92
91,93
91,94
92,95
93,95
94,95
95,96
95,97
95,98
95,99
95,100
95,104
96,101
97,102
98,103
99,111
100,111
101,105
102,106
102,107
103,107
103,108
104,111
105,111
106,109
107,111
108,110
109,111
110,111

<setup times forward>
1,2:234
2,3:325
3,4:171
4,5:25
4,6:212
4,7:91
4,8:286
4,9:43
4,10:168
5,6:187
5,7:66
5,8:261
5,9:68
5,10:143
5,11:319
5,12:89
5,13:4
5,14:109
5,15:357
5,16:327
5,17:159
5,18:115
5,19:3
5,20:105
5,21:94
5,22:258
5,23:78
5,24:117
5,25:159
5,26:282
5,27:392
5,28:6
5,29:332
5,30:72
5,31:102
5,32:149
5,33:50
5,34:59
5,35:380
5,36:10
5,37:303
5,38:157
5,39:136
5,41:303
5,42:386
5,43:32
5,44:102
5,45:145
5,46:65
5,47:222
5,48:265
5,49:146
5,50:77
5,51:41
5,52:299
5,53:37
5,54:318
5,55:34
5,56:118
5,57:162
5,58:383
5,59:65
5,60:20
5,61:59
5,62:206
5,63:72
5,64:55
5,65:328
5,66:190
5,67:14
5,68:121
5,69:18
5,70:93
5,71:239
5,72:190
5,73:111
5,74:180
5,75:62
5,76:65
5,77:37
5,78:246
5,79:40
5,80:12
5,81:51
5,82:68
5,83:60
5,84:91
5,85:173
5,86:148
5,87:151
5,88:288
5,89:194
5,90:355
5,91:38
5,92:133
5,93:160
5,94:106
5,95:82
5,96:41
5,97:12
5,98:388
5,99:53
5,100:379
5,101:60
5,102:218
5,103:350
5,104:168
5,105:380
5,106:54
5,107:164
5,108:67
5,109:23
5,110:149
6,5:187
6,7:121
6,8:74
6,9:255
6,10:44
6,11:132
6,12:98
6,13:191
6,14:296
6,15:170
6,16:140
6,17:346
6,18:72
6,19:184
6,20:292
6,21:281
6,22:71
6,23:265
6,24:70
6,25:28
6,26:95
6,27:205
6,28:181
6,29:145
6,30:115
6,31:289
6,32:336
6,33:137
6,34:128
6,35:193
6,36:197
6,37:116
6,38:344
6,39:51
6,41:116
6,42:199
6,43:155
6,44:85
6,45:42
6,46:252
6,47:35
6,48:78
6,49:41
6,50:264
6,51:146
6,52:112
6,53:150
6,54:131
6,55:221
6,56:305
6,57:25
6,58:196
6,59:122
6,60:167
6,61:128
6,62:19
6,63:259
6,64:132
6,65:141
6,66:3
6,67:201
6,68:308
6,69:205
6,70:280
6,71:52
6,72:3
6,73:76
6,74:7
6,75:125
6,76:122
6,77:224
6,78:59
6,79:147
6,80:199
6,81:136
6,82:255
6,83:247
6,84:96
6,85:360
6,86:39
6,87:338
6,88:101
6,89:7
6,90:168
6,91:149
6,92:320
6,93:347
6,94:293
6,95:269
6,96:146
6,97:175
6,98:201
6,99:134
6,100:192
6,101:127
6,102:31
6,103:163
6,104:355
6,105:193
6,106:241
6,107:351
6,108:254
6,109:164
6,110:38
7,5:66
7,6:121
7,8:195
7,9:134
7,10:77
7,11:253
7,12:23
7,13:70
7,14:175
7,15:291
7,16:261
7,17:225
7,18:49
7,19:63
7,20:171
7,21:160
7,22:192
7,23:144
7,24:51
7,25:93
7,26:216
7,27:326
7,28:60
7,29:266
7,30:6
7,31:168
7,32:215
7,33:16
7,34:7
7,35:314
7,36:76
7,37:237
7,38:223
7,39:70
7,40:205
7,41:237
7,42:320
7,43:34
7,44:36
7,45:79
7,46:131
7,47:156
7,48:199
7,49:80
7,50:143
7,51:25
7,52:233
7,53:29
7,54:252
7,55:100
7,56:184
7,57:96
7,58:317
7,59:1
7,60:46
7,61:7
7,62:140
7,63:138
7,64:11
7,65:262
7,66:124
7,67:80
7,68:187
7,69:84
7,70:159
7,71:173
7,72:124
7,73:45
7,74:114
7,75:4
7,76:1
7,77:103
7,78:180
7,79:26
7,80:78
7,81:15
7,82:134
7,83:126
7,84:25
7,85:239
7,86:82
7,87:217
7,88:222
7,89:128
7,90:289
8,5:261
8,6:74
8,7:195
8,9:329
8,10:118
8,11:58
8,12:172
8,13:265
8,14:370
8,15:96
8,16:66
8,17:420
8,18:146
8,19:258
8,20:366
8,21:355
8,22:3
8,23:339
8,24:144
8,25:102
8,26:21
8,27:131
8,28:255
8,29:71
8,30:189
8,31:363
8,32:410
8,33:211
8,34:202
8,35:119
8,36:271
8,37:42
8,38:418
8,39:125
8,40:10
8,41:42
8,42:125
8,43:229
8,44:159
8,45:116
8,46:326
8,47:39
8,48:4
8,49:115
8,50:338
8,51:220
8,52:38
8,53:224
8,54:57
8,55:295
8,56:379
8,57:99
8,58:122
8,59:196
8,60:241
8,61:202
8,62:55
8,63:333
8,64:206
8,65:67
8,66:71
8,67:275
8,68:382
8,69:279
8,70:354
8,71:22
8,72:71
8,73:150
8,74:81
8,75:199
8,76:196
8,77:298
8,78:15
8,79:221
8,80:273
8,81:210
8,82:329
8,83:321
8,84:170
8,85:434
8,86:113
8,87:412
8,88:27
8,89:67
8,90:94
9,5:68
9,6:255
9,7:134
9,8:329
9,10:211
9,11:387
9,12:157
9,13:64
9,14:41
9,15:425
9,16:395
9,17:91
9,18:183
9,19:71
9,20:37
9,21:26
9,22:326
9,23:10
9,24:185
9,25:227
9,26:350
9,27:460
9,28:74
9,29:400
9,30:140
9,31:34
9,32:81
9,33:118
9,34:127
9,35:448
9,36:58
9,37:371
9,38:89
9,39:204
9,40:339
9,42:454
9,43:100
9,44:170
9,45:213
9,46:3
9,47:290
9,48:333
9,49:214
9,50:9
9,51:109
9,52:367
9,53:105
9,54:386
9,55:34
9,56:50
9,57:230
9,58:451
9,59:133
9,60:88
9,61:127
9,62:274
9,63:4
9,64:123
9,65:396
9,66:258
9,67:54
9,68:53
9,71:307
9,72:258
9,74:248
9,76:133
9,80:56
9,81:119
9,86:216
9,87:83
9,90:423
10,5:143
10,6:44
10,7:77
10,8:118
10,9:211
10,11:176
10,12:54
11,5:319
11,6:132
11,7:253
11,8:58
11,9:387
11,12:230
11,13:323
11,14:428
11,15:38
11,16:8
11,17:478
11,18:204
11,19:316
11,20:424
11,21:413
12,5:89
12,6:98
12,7:23
12,8:172
12,9:157
12,11:230
12,13:93
12,14:198
12,15:268
12,16:238
12,17:248
12,18:26
12,19:86
12,20:194
12,21:183
13,5:4
13,6:191
13,7:70
13,8:265
13,9:64
13,14:105
13,15:361
13,16:331
13,17:155
13,18:119
13,19:7
13,20:101
13,21:90
13,22:262
13,23:74
13,24:121
13,25:163
13,26:286
13,27:396
13,28:10
13,29:336
13,30:76
13,31:98
13,32:145
13,33:54
13,34:63
13,35:384
13,36:6
13,37:307
13,38:153
13,39:140
13,40:275
13,41:307
13,42:390
13,43:36
13,44:106
13,45:149
13,46:61
13,47:226
13,48:269
13,49:150
13,50:73
13,51:45
13,52:303
13,53:41
13,54:322
13,55:30
13,56:114
13,57:166
13,58:387
13,59:69
13,60:24
13,61:63
13,62:210
13,63:68
13,64:59
13,65:332
13,66:194
13,67:10
13,68:117
13,69:14
13,70:89
13,71:243
13,72:194
13,73:115
13,74:184
13,75:66
13,76:69
13,77:33
13,78:250
13,79:44
13,80:8
13,81:55
13,82:64
13,83:56
13,84:95
13,85:169
13,86:152
13,87:147
13,88:292
13,89:198
13,90:359
14,5:109
14,6:296
14,7:175
14,8:370
14,9:41
14,13:105
14,15:466
14,16:436
14,17:50
14,18:224
14,19:112
14,20:4
14,21:15
14,22:367
14,23:31
14,24:226
14,25:268
14,26:391
14,27:501
14,28:115
14,29:441
14,30:181
14,35:489
14,36:99
14,37:412
14,38:48
14,43:141
14,44:211
14,45:254
14,46:44
14,48:374
14,49:255
14,50:32
14,51:150
14,52:408
14,53:146
15,5:357
15,6:170
15,7:291
15,8:96
15,9:425
15,13:361
15,14:466
15,16:30
15,17:516
15,18:242
15,19:354
15,20:462
15,21:451
15,22:99
15,23:435
15,24:240
15,25:198
15,26:75
15,27:35
15,28:351
15,29:25
15,30:285
15,31:459
15,32:506
15,33:307
15,34:298
15,35:23
15,36:367
15,37:54
15,38:514
15,39:221
15,40:86
15,41:54
15,42:29
15,43:325
15,44:255
15,45:212
15,46:422
15,47:135
15,48:92
15,49:211
15,50:434
15,51:316
15,52:58
15,53:320
15,54:39
15,55:391
15,56:475
15,57:195
15,58:26
15,59:292
15,60:337
15,61:298
15,62:151
15,63:429
15,64:302
15,65:29
15,66:167
15,67:371
15,68:478
15,69:375
15,70:450
15,71:118
15,72:167
15,73:246
15,74:177
15,75:295
15,76:292
15,77:394
15,78:111
15,79:317
15,80:369
15,81:306
15,83:417
15,84:266
15,85:530
15,86:209
15,87:508
15,88:69
15,89:163
15,90:2
15,91:319
15,92:490
15,93:517
15,94:463
15,95:439
15,96:316
15,97:345
15,98:31
15,99:304
15,100:22
15,101:297
15,102:139
15,103:7
15,104:525
15,105:23
15,106:411
15,107:521
15,108:424
15,109:334
15,110:208
16,5:327
16,6:140
16,7:261
16,8:66
16,9:395
16,13:331
16,14:436
16,15:30
16,17:486
16,18:212
16,19:324
16,20:432
16,21:421
16,22:69
16,23:405
16,24:210
16,25:168
16,26:45
16,27:65
16,28:321
16,29:5
16,30:255
16,31:429
16,32:476
16,33:277
16,34:268
16,36:337
16,37:24
16,38:484
16,39:191
16,40:56
16,41:24
16,42:59
16,44:225
16,45:182
16,46:392
16,47:105
16,50:404
16,51:286
16,52:28
16,54:9
16,55:361
16,56:445
16,57:165
16,58:56
16,59:262
16,60:307
16,61:268
16,62:121
16,63:399
16,64:272
16,65:1
16,66:137
16,67:341
16,68:448
16,69:345
16,70:420
16,71:88
16,72:137
16,73:216
16,74:147
16,75:265
16,76:262
16,77:364
16,78:81
16,79:287
16,80:339
16,81:276
16,82:395
16,83:387
16,84:236
16,85:500
16,86:179
16,87:478
16,88:39
16,89:133
16,90:28
17,5:159
17,6:346
17,7:225
17,8:420
17,9:91
17,13:155
17,14:50
17,15:516
17,16:486
17,18:274
17,19:162
17,20:54
17,21:65
17,22:417
17,23:81
17,24:276
17,25:318
17,26:441
17,27:551
17,28:165
17,29:491
17,30:231
17,31:57
17,32:10
17,33:209
17,34:218
17,35:539
17,37:462
17,38:2
17,39:295
17,40:430
17,41:462
17,42:545
17,43:191
17,45:304
17,46:94
17,47:381
17,48:424
17,49:305
17,51:200
17,52:458
17,53:196
17,54:477
17,55:125
17,56:41
17,57:321
17,58:542
17,59:224
17,60:179
17,61:218
17,62:365
17,63:87
17,64:214
17,65:487
17,66:349
17,67:145
17,68:38
17,69:141
17,70:66
17,71:398
17,72:349
17,73:270
17,74:339
17,75:221
17,76:224
17,77:122
17,78:405
17,79:199
17,80:147
17,81:210
17,82:91
17,83:99
17,84:250
17,85:14
17,86:307
17,87:8
17,88:447
17,89:353
17,90:514
18,5:115
18,6:72
18,7:49
18,8:146
18,9:183
18,13:119
18,14:224
18,15:242
18,16:212
18,17:274
18,19:112
18,20:220
18,21:209
18,22:143
18,23:193
18,24:2
18,25:44
18,26:167
18,27:277
18,28:109
18,29:217
18,30:43
18,31:217
18,32:264
18,33:65
18,34:56
18,35:265
18,36:125
18,38:272
18,39:21
18,40:156
18,41:188
18,42:271
18,43:83
18,44:13
18,46:180
18,47:107
18,48:150
18,49:31
18,50:192
18,52:184
18,53:78
18,54:203
18,55:149
18,56:233
18,57:47
18,58:268
18,59:50
18,60:95
18,61:56
18,62:91
18,63:187
18,64:60
18,65:213
18,66:75
18,67:129
18,68:236
18,69:133
18,70:208
18,71:124
18,72:75
18,73:4
18,74:65
18,75:53
18,76:50
18,77:152
18,78:131
18,79:75
18,80:127
18,81:64
18,82:183
18,83:175
18,84:24
18,85:288
18,86:33
18,87:266
18,88:173
18,89:79
18,90:240
19,5:3
19,6:184
19,7:63
19,8:258
19,9:71
19,13:7
19,14:112
19,15:354
19,16:324
19,17:162
19,18:112
19,20:108
19,21:97
19,22:255
19,23:81
19,24:114
19,25:156
19,26:279
19,27:389
19,28:3
19,29:329
19,30:69
19,31:105
19,32:152
19,33:47
19,34:56
19,35:377
19,36:13
19,37:300
19,39:133
19,40:268
19,41:300
19,42:383
19,43:29
19,44:99
19,45:142
19,47:219
19,48:262
19,49:143
19,50:80
19,51:38
19,53:34
19,54:315
19,55:37
19,56:121
19,57:159
19,58:380
19,59:62
19,60:17
19,61:56
19,62:203
19,63:75
19,64:52
19,65:325
19,66:187
19,67:17
19,68:124
19,69:21
19,70:96
19,71:236
19,72:187
19,73:108
19,74:177
19,75:59
19,76:62
19,77:40
19,78:243
19,79:37
19,80:15
19,81:48
19,82:71
19,83:63
19,84:88
19,85:176
19,86:145
19,87:154
19,88:285
19,89:191
19,90:352
20,5:105
20,6:292
20,7:171
20,8:366
20,9:37
20,13:101
20,14:4
20,15:462
20,16:432
20,17:54
20,18:220
20,19:108
20,21:11
20,22:363
20,23:27
20,24:222
20,25:264
20,26:387
20,27:497
20,28:111
20,29:437
20,30:177
20,31:3
20,32:44
20,33:155
20,34:164
20,35:485
20,36:95
20,37:408
20,38:52
20,39:241
20,40:376
20,41:408
20,42:491
20,43:137
20,44:207
20,45:250
20,46:40
20,47:327
20,48:370
20,49:251
20,50:28
20,51:146
20,52:404
20,53:142
20,54:423
20,55:71
20,56:13
20,57:267
20,58:488
20,59:170
20,60:125
20,61:164
20,62:311
20,63:33
20,64:160
20,65:433
20,66:295
20,67:91
20,68:16
20,69:87
20,70:12
20,71:344
20,72:295
20,73:216
20,74:285
20,75:167
20,76:170
20,77:68
20,78:351
20,79:145
20,80:93
20,81:156
20,82:37
20,83:45
20,84:196
20,85:68
20,86:253
20,87:46
20,88:393
20,89:299
20,90:460
20,91:143
21,5:94
21,6:281
21,7:160
21,8:355
21,9:26
21,13:90
21,14:15
21,15:451
21,16:421
21,17:65
21,18:209
21,19:97
21,20:11
21,22:352
21,23:16
21,24:211
21,25:253
21,26:376
21,27:486
21,28:100
21,29:426
21,30:166
21,31:8
21,32:55
21,33:144
21,34:153
21,35:474
21,36:84
21,37:397
21,38:63
21,39:230
21,40:365
21,41:397
21,42:480
21,43:126
21,44:196
21,45:239
21,46:29
21,47:316
21,48:359
21,49:240
21,50:17
21,51:135
21,52:393
21,53:131
21,54:412
21,55:60
21,56:24
21,57:256
21,58:477
21,59:159
21,60:114
21,61:153
21,62:300
21,63:22
21,64:149
21,65:422
21,66:284
21,67:80
21,68:27
21,69:76
21,70:1
21,71:333
21,72:284
21,73:205
21,74:274
21,75:156
21,76:159
21,77:57
21,78:340
21,79:134
21,80:82
21,81:145
21,82:26
21,83:34
21,84:185
21,85:79
21,86:242
21,87:57
21,88:382
21,89:288
21,90:449
21,91:132
21,92:39
21,93:66
21,94:12
21,95:12
21,96:135
21,97:106
21,98:482
21,99:147
21,100:473
21,101:154
21,102:312
21,103:444
21,104:74
21,105:474
21,106:40
21,107:70
21,108:27
21,109:117
21,110:243
21,111:210
22,5:258
22,6:71
22,7:192
22,8:3
22,9:326
22,13:262
22,15:99
22,16:69
22,17:417
22,18:143
22,19:255
22,20:363
22,21:352
22,23:336
22,24:141
22,25:99
22,26:24
22,27:134
22,28:252
22,29:74
22,30:186
22,31:360
22,32:407
22,33:208
22,34:199
22,35:122
22,36:268
22,37:45
22,38:415
22,41:45
22,42:128
22,43:226
22,44:156
22,45:113
22,46:323
22,47:36
22,48:7
22,49:112
22,50:335
22,51:217
22,52:41
22,53:221
22,54:60
22,55:292
22,56:376
22,57:96
22,58:125
22,59:193
22,60:238
22,61:199
22,62:52
22,63:330
22,64:203
22,65:70
22,66:68
22,67:272
22,68:379
22,69:276
22,70:351
22,71:19
22,72:68
22,73:147
22,74:78
22,75:196
22,76:193
22,77:295
22,78:12
22,79:218
22,80:270
22,81:207
22,82:326
22,83:318
22,84:167
22,85:431
22,86:110
22,87:409
22,88:30
22,89:64
22,90:97
23,5:78
23,6:265
23,7:144
23,8:339
23,9:10
23,13:74
23,15:435
23,16:405
23,17:81
23,18:193
23,19:81
23,20:27
23,21:16
23,22:336
23,24:195
23,25:237
23,26:360
23,27:470
23,28:84
23,29:410
23,30:150
23,31:24
23,32:71
23,33:128
23,34:137
23,35:458
23,36:68
23,37:381
23,38:79
23,39:214
23,40:349
23,42:464
23,43:110
23,44:180
23,45:223
23,46:13
23,47:300
23,48:343
23,49:224
23,50:1
23,51:119
23,52:377
23,53:115
23,54:396
23,55:44
23,56:40
23,57:240
23,58:461
23,59:143
23,60:98
23,61:137
23,62:284
23,63:6
23,64:133
23,65:406
23,66:268
23,67:64
23,68:43
23,71:317
23,72:268
23,74:258
23,76:143
23,80:66
23,81:129
23,82:10
23,86:226
23,87:73
23,90:433
24,5:117
24,6:70
24,7:51
24,8:144
24,9:185
24,13:121
24,15:240
24,16:210
24,17:276
24,18:2
24,19:114
24,20:222
24,21:211
24,22:141
24,23:195
24,25:42
24,26:165
24,27:275
24,28:111
24,29:215
24,30:45
24,31:219
24,32:266
24,33:67
24,34:58
24,35:263
24,36:127
24,37:186
24,38:274
24,39:19
24,40:154
24,41:186
24,42:269
24,43:85
24,44:15
24,45:28
24,46:182
24,47:105
24,48:148
24,49:29
24,50:194
24,51:76
24,52:182
24,53:80
24,54:201
24,55:151
24,56:235
24,57:45
24,58:266
24,59:52
24,60:97
24,61:58
24,62:89
24,63:189
24,64:62
24,65:211
24,66:73
24,67:131
24,68:238
24,69:135
24,70:210
24,71:122
24,72:73
24,74:63
24,76:52
24,80:129
24,81:66
24,82:185
24,86:31
24,87:268
24,90:238
25,5:159
25,6:28
25,7:93
25,8:102
25,9:227
25,13:163
25,15:198
25,16:168
25,17:318
25,18:44
25,19:156
25,20:264
25,21:253
25,22:99
25,23:237
25,24:42
25,26:123
25,27:233
25,28:153
25,29:173
25,30:87
25,31:261
25,32:308
25,33:109
25,34:100
25,35:221
25,36:169
25,37:144
25,38:316
25,39:23
25,40:112
25,41:144
25,43:127
25,44:57
25,45:14
25,46:224
25,48:106
25,49:13
25,50:236
25,51:118
25,52:140
25,53:122
26,5:282
26,6:95
26,7:216
26,8:21
26,9:350
26,13:286
26,14:391
26,16:45
26,17:441
26,18:167
26,19:279
26,20:387
26,21:376
26,22:24
26,23:360
26,24:165
26,25:123
26,27:110
26,28:276
26,29:50
26,30:210
26,31:384
26,32:431
26,33:232
26,34:223
26,35:98
26,36:292
26,37:21
26,38:439
26,39:146
26,40:11
26,41:21
26,42:104
26,43:250
26,44:180
26,45:137
26,46:347
26,47:60
26,48:17
26,49:136
26,50:359
26,51:241
26,52:17
26,53:245
26,54:36
26,55:316
26,56:400
26,57:120
26,58:101
26,59:217
26,60:262
26,61:223
26,62:76
26,63:354
26,64:227
26,65:46
26,66:92
26,67:296
26,68:403
26,69:300
26,70:375
26,71:43
26,72:92
26,73:171
26,74:102
26,75:220
26,76:217
26,77:319
26,78:36
26,79:242
26,80:294
26,81:231
26,82:350
26,83:342
26,84:191
26,85:455
26,86:134
26,87:433
26,88:6
26,89:88
26,90:73
26,91:244
26,92:415
26,93:442
26,94:388
26,95:364
26,96:241
26,97:270
26,98:106
26,99:229
26,100:97
26,101:222
26,102:64
26,103:68
26,104:450
26,105:98
26,106:336
26,107:446
26,108:349
26,109:259
26,110:133
27,5:392
27,6:205
27,7:326
27,8:131
27,9:460
27,13:396
27,14:501
27,15:35
27,17:551
27,18:277
27,19:389
27,20:497
27,21:486
27,22:134
27,23:470
27,24:275
27,25:233
27,26:110
27,28:386
27,29:60
27,30:320
27,31:494
27,32:541
27,33:342
27,34:333
27,35:12
27,36:402
27,37:89
27,38:549
27,39:256
27,40:121
27,41:89
27,42:6
27,44:290
27,45:247
27,46:457
27,47:170
27,50:469
27,51:351
27,52:93
27,54:74
27,55:426
27,56:510
27,57:230
27,58:9
27,59:327
27,60:372
27,61:333
27,62:186
27,63:464
27,64:337
27,65:64
27,66:202
27,67:406
27,68:513
27,69:410
27,70:485
27,71:153
27,72:202
27,73:281
27,74:212
27,75:330
27,76:327
27,77:429
27,78:146
27,79:352
27,80:404
27,81:341
27,82:460
27,83:452
27,84:301
27,85:565
27,86:244
27,87:543
27,88:104
27,89:198
27,90:37
28,5:6
28,6:181
28,7:60
28,8:255
28,9:74
28,13:10
28,14:115
28,15:351
28,16:321
28,18:109
28,19:3
28,20:111
28,21:100
28,22:252
28,23:84
28,24:111
28,25:153
28,26:276
28,27:386
28,29:326
28,30:66
28,31:108
28,32:155
28,33:44
28,34:53
28,35:374
28,36:16
28,37:297
28,38:163
28,39:130
28,40:265
28,41:297
28,42:380
28,43:26
28,45:139
28,46:71
28,47:216
28,48:259
28,49:140
28,51:35
28,52:293
28,53:31
28,54:312
28,55:40
28,56:124
28,57:156
28,58:377
28,59:59
28,60:14
28,61:53
28,62:200
28,63:78
28,64:49
28,65:322
28,66:184
28,67:20
28,68:127
28,69:24
28,70:99
28,71:233
28,72:184
28,73:105
28,74:174
28,75:56
28,76:59
28,77:43
28,78:240
28,79:34
28,80:18
28,81:45
28,82:74
28,83:66
28,84:85
28,85:179
28,86:142
28,87:157
28,88:282
28,89:188
28,90:349
29,5:332
29,6:145
29,7:266
29,8:71
29,9:400
29,13:336
29,14:441
29,15:25
29,16:5
29,17:491
29,19:329
29,20:437
29,21:426
29,22:74
29,23:410
29,24:215
29,25:173
29,26:50
29,27:60
29,28:326
29,30:260
29,31:434
29,32:481
29,33:282
29,34:273
29,35:48
29,36:342
29,37:29
29,38:489
29,39:196
29,40:61
29,41:29
29,42:54
29,43:300
29,44:230
29,46:397
29,47:110
29,48:67
29,49:186
29,50:409
29,52:33
29,53:295
29,54:14
29,55:366
29,56:450
29,57:170
29,58:51
29,59:267
29,60:312
29,61:273
29,62:126
29,63:404
29,64:277
29,65:4
29,66:142
29,67:346
29,68:453
29,69:350
29,70:425
29,71:93
29,72:142
29,73:221
29,74:152
29,75:270
29,76:267
29,77:369
29,78:86
29,79:292
29,80:344
29,81:281
29,82:400
29,83:392
29,84:241
29,85:505
29,86:184
29,87:483
29,88:44
29,89:138
29,90:23
30,5:72
30,6:115
30,7:6
30,8:189
30,9:140
30,13:76
30,14:181
30,15:285
30,16:255
30,17:231
30,18:43
30,20:177
30,21:166
30,22:186
30,23:150
30,24:45
30,25:87
30,26:210
30,27:320
30,28:66
30,29:260
30,31:174
30,32:221
30,33:22
30,34:13
30,35:308
30,36:82
30,37:231
30,38:229
30,39:64
30,40:199
30,41:231
30,42:314
30,43:40
30,44:30
30,45:73
30,47:150
30,48:193
30,49:74
30,50:149
30,51:31
30,53:35
30,54:246
30,55:106
30,56:190
30,57:90
30,58:311
30,59:7
30,60:52
30,61:13
30,62:134
30,63:144
30,64:17
30,65:256
30,66:118
30,67:86
30,68:193
30,69:90
30,70:165
30,71:167
30,72:118
30,73:39
30,74:108
30,75:10
30,76:7
30,77:109
30,78:174
30,79:32
30,80:84
30,81:21
30,82:140
30,83:132
30,84:19
30,85:245
30,86:76
30,87:223
30,88:216
30,89:122
30,90:283
31,5:102
31,6:289
31,7:168
31,8:363
31,9:34
31,13:98
31,15:459
31,16:429
31,17:57
31,18:217
31,19:105
31,20:3
31,21:8
31,23:24
31,24:219
31,25:261
31,26:384
31,27:494
31,28:108
31,29:434
31,30:174
31,32:47
31,33:152
31,34:161
31,35:482
31,36:92
31,37:405
31,38:55
31,39:238
31,41:405
31,42:488
31,43:134
31,44:204
31,45:247
31,46:37
31,47:324
31,48:367
31,49:248
31,50:25
31,51:143
31,52:401
31,53:139
31,54:420
31,55:68
31,56:16
31,57:264
31,58:485
31,59:167
31,60:122
31,61:161
31,62:308
31,63:30
31,64:157
31,65:430
31,66:292
31,67:88
31,68:19
31,69:84
31,70:9
31,71:341
31,72:292
31,73:213
31,74:282
31,75:164
31,76:167
31,77:65
31,78:348
31,79:142
31,80:90
31,81:153
31,82:34
31,83:42
31,84:193
31,85:71
31,86:250
31,87:49
31,88:390
31,89:296
31,90:457
31,91:140
31,92:31
31,93:58
31,94:4
31,95:20
31,96:143
31,97:114
31,98:490
31,99:155
31,100:481
31,101:162
31,102:320
31,103:452
31,104:66
31,105:482
31,106:48
31,107:62
31,108:35
31,109:125
31,110:251
32,5:149
32,6:336
32,7:215
32,8:410
32,13:145
32,15:506
32,16:476
32,17:10
32,18:264
32,19:152
32,20:44
32,21:55
32,22:407
32,24:266
32,25:308
32,26:431
32,27:541
32,28:155
32,29:481
32,30:221
32,31:47
32,33:199
32,34:208
32,35:529
32,36:139
32,37:452
32,38:8
32,39:285
32,40:420
32,41:452
32,42:535
32,43:181
32,44:251
32,45:294
32,46:84
32,47:371
32,48:414
32,49:295
32,50:72
32,51:190
32,52:448
32,53:186
32,54:467
32,55:115
32,56:31
32,57:311
32,58:532
32,59:214
32,60:169
32,61:208
32,62:355
32,63:77
32,64:204
32,65:477
32,66:339
32,67:135
32,68:28
32,71:388
32,72:339
32,74:329
32,76:214
32,80:137
32,81:200
32,82:81
32,86:297
32,87:2
32,90:504
33,5:50
33,6:137
33,7:16
33,8:211
33,9:118
33,13:54
33,15:307
33,16:277
33,17:209
33,18:65
33,19:47
33,20:155
33,21:144
33,22:208
33,24:67
33,25:109
33,26:232
33,27:342
33,28:44
33,29:282
33,30:22
33,31:152
33,32:199
33,34:9
33,35:330
33,36:60
33,37:253
33,38:207
33,39:86
33,40:221
33,41:253
33,42:336
33,43:18
33,44:52
33,45:95
33,46:115
33,47:172
33,48:215
33,49:96
33,50:127
33,51:9
33,52:249
33,53:13
33,54:268
33,55:84
33,56:168
33,57:112
33,58:333
33,59:15
33,60:30
33,61:9
33,62:156
33,63:122
33,64:5
33,65:278
33,66:140
33,67:64
33,68:171
33,69:68
33,70:143
33,71:189
33,72:140
33,73:61
33,74:130
33,75:12
33,76:15
33,77:87
33,78:196
33,79:10
33,80:62
33,81:1
33,82:118
33,83:110
33,84:41
33,85:223
33,86:98
33,87:201
33,88:238
33,89:144
33,90:305
33,91:12
33,92:183
33,93:210
33,94:156
33,95:132
33,96:9
33,97:38
33,98:338
33,99:3
33,100:329
33,101:10
33,102:168
33,103:300
33,104:218
33,105:330
33,106:104
33,107:214
33,108:117
33,109:27
33,110:99
33,111:66
34,5:59
34,6:128
34,7:7
34,8:202
34,9:127
34,13:63
34,15:298
34,16:268
34,17:218
34,18:56
34,19:56
34,20:164
34,21:153
34,22:199
34,23:137
34,24:58
34,26:223
34,27:333
34,28:53
34,29:273
34,30:13
34,31:161
34,32:208
34,33:9
34,35:321
34,36:69
34,37:244
34,38:216
34,39:77
34,40:212
34,41:244
34,42:327
34,43:27
34,44:43
34,45:86
34,46:124
34,48:206
34,49:87
34,50:136
34,51:18
34,52:240
34,53:22
35,5:380
35,6:193
35,7:314
35,8:119
35,9:448
35,13:384
35,14:489
35,15:23
35,17:539
35,18:265
35,19:377
35,20:485
35,21:474
35,22:122
35,23:458
35,24:263
35,25:221
35,26:98
35,28:374
35,29:48
35,30:308
35,31:482
35,32:529
35,33:330
35,34:321
35,36:390
35,37:77
35,38:537
35,39:244
35,40:109
35,41:77
35,42:6
35,43:348
35,44:278
35,45:235
35,46:445
35,47:158
35,50:457
35,51:339
35,52:81
35,54:62
35,55:414
35,56:498
35,57:218
35,58:3
35,59:315
35,60:360
35,61:321
35,62:174
35,63:452
35,64:325
35,65:52
35,66:190
35,67:394
35,68:501
35,69:398
35,70:473
35,71:141
35,72:190
35,73:269
35,74:200
35,75:318
35,76:315
35,77:417
35,78:134
35,79:340
35,80:392
35,81:329
35,82:448
35,83:440
35,84:289
35,85:553
35,86:232
35,87:531
35,88:92
35,89:186
35,90:25
36,5:10
36,6:197
36,7:76
36,8:271
36,9:58
36,13:6
36,14:99
36,15:367
36,16:337
36,18:125
36,19:13
36,20:95
36,21:84
36,22:268
36,23:68
36,24:127
36,25:169
36,26:292
36,27:402
36,29:342
36,30:82
36,31:92
36,32:139
36,33:60
36,34:69
36,35:390
36,37:313
36,38:147
36,39:146
36,40:281
36,41:313
36,42:396
36,43:42
36,44:112
36,45:155
36,46:55
36,47:232
36,48:275
36,49:156
36,51:51
36,52:309
36,53:47
36,54:328
36,55:24
36,56:108
36,57:172
36,58:393
36,59:75
36,60:30
36,61:69
36,62:216
36,63:62
36,64:65
36,65:338
36,66:200
36,67:4
36,68:111
36,69:8
36,70:83
36,71:249
36,72:200
36,73:121
36,74:190
36,75:72
36,76:75
36,77:27
36,78:256
36,79:50
36,80:2
36,81:61
36,82:58
36,83:50
36,84:101
36,85:163
36,86:158
36,87:141
36,88:298
36,89:204
36,90:365
36,91:48
37,5:303
37,6:116
37,7:237
37,8:42
37,9:371
37,13:307
37,14:412
37,15:54
37,16:24
37,17:462
37,19:300
37,20:408
37,21:397
37,22:45
37,23:381
37,24:186
37,25:144
37,26:21
37,27:89
37,28:297
37,30:231
37,31:405
37,32:452
37,33:253
37,34:244
37,35:77
37,36:313
37,38:460
37,39:167
37,40:32
37,42:83
37,43:271
37,44:201
37,45:158
37,46:368
37,47:81
37,48:38
37,49:157
37,50:380
37,52:4
37,53:266
37,54:15
37,55:337
37,56:421
37,57:141
37,58:80
37,59:238
37,60:283
37,61:244
37,62:97
37,63:375
37,64:248
37,65:25
37,66:113
37,67:317
37,68:424
37,69:321
37,70:396
37,71:64
37,72:113
37,73:192
37,74:123
37,75:241
37,76:238
37,77:340
37,78:57
37,79:263
37,80:315
37,81:252
37,82:371
37,83:363
37,84:212
37,85:476
37,86:155
37,87:454
37,88:15
37,89:109
37,90:52
37,91:265
38,5:157
38,6:344
38,7:223
38,8:418
38,9:89
38,13:153
38,14:48
38,15:514
38,16:484
38,17:2
38,18:272
38,20:52
38,21:63
38,22:415
38,23:79
38,24:274
38,25:316
38,26:439
38,27:549
38,28:163
38,29:489
38,31:55
38,32:8
38,33:207
38,34:216
38,35:537
38,36:147
38,37:460
38,39:293
38,40:428
38,41:460
38,42:543
38,43:189
38,44:259
38,45:302
38,46:92
38,47:379
38,48:422
38,49:303
38,50:80
38,51:198
38,53:194
38,54:475
38,55:123
38,56:39
38,57:319
38,58:540
38,59:222
38,60:177
38,61:216
38,62:363
38,63:85
38,64:212
38,65:485
38,66:347
38,67:143
38,68:36
38,69:139
38,70:64
38,71:396
38,72:347
38,73:268
38,74:337
38,75:219
38,76:222
38,77:120
38,78:403
38,79:197
38,80:145
38,81:208
38,82:89
38,83:97
38,84:248
38,85:16
38,86:305
38,87:6
38,88:445
38,89:351
38,90:512
38,91:195
39,7:70
39,8:125
39,9:204
39,13:140
39,15:221
39,16:191
39,17:295
39,18:21
39,19:133
39,20:241
39,21:230
39,23:214
39,24:19
39,25:23
39,26:146
39,27:256
39,28:130
39,29:196
39,30:64
39,32:285
39,33:86
39,34:77
39,35:244
39,36:146
39,37:167
39,38:293
39,40:135
39,41:167
39,42:250
39,43:104
39,44:34
39,45:9
39,46:201
39,47:86
39,48:129
39,49:10
39,50:213
39,51:95
39,52:163
39,53:99
39,54:182
39,55:170
39,56:254
39,57:26
39,58:247
39,59:71
39,60:116
39,61:77
39,62:70
39,63:208
39,64:81
39,65:192
39,66:54
39,67:150
39,68:257
39,69:154
39,70:229
39,71:103
39,72:54
39,73:25
39,74:44
39,75:74
39,76:71
39,77:173
39,78:110
39,79:96
39,80:148
39,81:85
39,82:204
39,83:196
39,84:45
39,85:309
39,86:12
39,87:287
39,88:152
39,89:58
39,90:219
39,91:98
39,92:269
39,93:296
39,94:242
39,95:218
39,96:95
39,97:124
39,98:252
39,99:83
39,100:243
39,101:76
39,102:82
39,103:214
39,104:304
39,105:244
39,106:190
39,107:300
39,108:203
39,109:113
39,110:13
40,7:205
40,8:10
40,9:339
40,13:275
40,15:86
40,16:56
40,17:430
40,18:156
40,19:268
40,20:376
40,21:365
40,23:349
40,24:154
40,25:112
40,26:11
40,27:121
40,28:265
40,29:61
40,30:199
40,32:420
40,33:221
40,34:212
40,35:109
40,36:281
40,37:32
40,38:428
40,41:32
40,42:115
40,43:239
40,44:169
40,45:126
40,46:336
40,47:49
40,48:6
40,49:125
40,50:348
40,51:230
40,52:28
40,53:234
40,54:47
40,55:305
40,56:389
40,57:109
40,58:112
40,59:206
40,60:251
40,61:212
40,62:65
40,63:343
40,64:216
40,65:57
40,66:81
40,67:285
40,68:392
40,69:289
40,70:364
40,71:32
40,72:81
40,73:160
40,74:91
40,75:209
40,76:206
40,77:308
40,78:25
40,79:231
40,80:283
40,81:220
40,82:339
40,83:331
40,84:180
40,85:444
40,86:123
40,87:422
40,88:17
40,89:77
40,90:84
40,91:233
40,92:404
40,93:431
40,94:377
40,95:353
40,96:230
40,97:259
40,98:117
40,99:218
40,100:108
40,101:211
40,102:53
40,103:79
40,104:439
40,105:109
40,106:325
40,107:435
40,108:338
40,109:248
40,110:122
40,111:155
41,5:303
41,6:116
41,7:237
41,8:42
41,13:307
41,15:54
41,16:24
41,17:462
41,18:188
41,19:300
41,20:408
41,21:397
41,22:45
41,24:186
41,25:144
41,26:21
41,27:89
41,28:297
41,29:29
41,30:231
41,31:405
41,33:253
41,34:244
41,35:77
41,36:313
41,38:460
41,39:167
41,40:32
41,42:83
41,43:271
41,44:201
41,45:158
41,46:368
41,47:81
41,48:38
41,49:157
41,50:380
41,51:262
41,52:4
41,53:266
41,54:15
41,55:337
41,56:421
41,57:141
41,58:80
41,59:238
41,60:283
41,61:244
41,62:97
41,63:375
41,64:248
41,65:25
41,66:113
41,67:317
41,68:424
41,69:321
41,70:396
41,71:64
41,72:113
41,74:123
41,76:238
41,80:315
41,81:252
41,82:371
41,86:155
41,87:454
41,90:52
42,5:386
42,6:199
42,7:320
42,8:125
42,9:454
42,13:390
42,15:29
42,16:59
42,17:545
42,18:271
42,19:383
42,20:491
42,21:480
42,22:128
42,23:464
42,24:269
42,26:104
42,27:6
42,28:380
42,29:54
42,30:314
42,31:488
42,32:535
42,33:336
42,35:6
42,36:396
42,37:83
42,38:543
42,39:250
42,40:115
42,41:83
42,43:354
42,44:284
42,45:241
42,46:451
42,47:164
42,48:121
42,49:240
42,50:463
42,51:345
42,52:87
42,53:349
43,5:32
43,6:155
43,7:34
43,8:229
43,9:100
43,13:36
43,14:141
43,15:325
43,17:191
43,18:83
43,19:29
43,20:137
43,21:126
43,22:226
43,23:110
43,24:85
43,25:127
43,26:250
43,28:26
43,29:300
43,30:40
43,31:134
43,32:181
43,33:18
43,34:27
43,36:42
43,37:271
43,38:189
43,39:104
43,40:239
43,41:271
43,42:354
43,44:70
43,45:113
43,46:97
43,47:190
43,48:233
43,49:114
43,50:109
43,51:9
43,52:267
43,54:286
43,55:66
43,56:150
43,57:130
43,58:351
43,59:33
43,60:12
43,61:27
43,62:174
43,63:104
43,64:23
43,65:296
43,66:158
43,67:46
43,68:153
43,69:50
43,70:125
43,71:207
43,72:158
43,73:79
43,74:148
43,75:30
43,76:33
43,77:69
43,78:214
43,79:8
43,80:44
43,81:19
43,82:100
43,83:92
43,84:59
43,85:205
43,86:116
43,87:183
43,88:256
43,89:162
43,90:323
44,5:102
44,6:85
44,7:36
44,8:159
44,9:170
44,13:106
44,14:211
44,15:255
44,16:225
44,18:13
44,19:99
44,20:207
44,21:196
44,22:156
44,23:180
44,24:15
44,25:57
44,26:180
44,27:290
44,29:230
44,30:30
44,31:204
44,32:251
44,33:52
44,34:43
44,35:278
44,37:201
44,38:259
44,39:34
44,40:169
44,41:201
44,42:284
44,43:70
44,45:43
44,46:167
44,47:120
44,48:163
44,49:44
44,50:179
44,51:61
44,52:197
44,53:65
44,54:216
44,55:136
44,56:220
44,57:60
44,58:281
44,59:37
44,60:82
44,61:43
44,62:104
44,63:174
44,64:47
44,65:226
44,66:88
44,67:116
44,68:223
44,69:120
44,70:195
44,71:137
44,72:88
44,73:9
44,74:78
44,75:40
44,76:37
44,77:139
44,78:144
44,79:62
44,80:114
44,81:51
44,82:170
44,83:162
44,84:11
44,85:275
44,86:46
44,87:253
44,88:186
44,89:92
44,90:253
44,91:64
44,92:235
44,93:262
44,94:208
44,95:184
44,96:61
44,97:90
44,98:286
44,99:49
44,100:277
44,101:42
44,102:116
44,103:248
44,104:270
44,105:278
44,106:156
44,107:266
44,108:169
44,109:79
44,110:47
45,5:145
45,6:42
45,7:79
45,8:116
45,9:213
45,13:149
45,14:254
45,15:212
45,16:182
45,17:304
45,19:142
45,20:250
45,21:239
45,22:113
45,23:223
45,24:28
45,25:14
45,26:137
45,27:247
45,28:139
45,30:73
45,31:247
45,32:294
45,33:95
45,34:86
45,35:235
45,36:155
45,38:302
45,39:9
45,40:126
45,41:158
45,42:241
45,43:113
45,44:43
45,46:210
45,47:77
45,48:120
45,49:1
45,50:222
45,51:104
45,52:154
45,53:108
45,54:173
45,55:179
45,56:263
45,57:17
45,58:238
45,59:80
45,60:125
45,61:86
45,62:61
45,63:217
45,64:90
45,65:183
45,66:45
45,67:159
45,68:266
45,69:163
45,70:238
45,71:94
45,72:45
45,73:34
45,74:35
45,75:83
45,76:80
45,77:182
45,78:101
45,79:105
45,80:157
45,81:94
45,82:213
45,83:205
45,84:54
45,85:318
45,86:3
45,87:296
45,88:143
45,89:49
45,90:210
45,91:107
45,92:278
45,93:305
45,94:251
45,95:227
45,96:104
45,97:133
45,98:243
45,99:92
45,100:234
45,101:85
45,102:73
45,103:205
45,104:313
45,105:235
45,106:199
45,107:309
45,108:212
45,109:122
45,110:4
46,5:65
46,6:252
46,7:131
46,8:326
46,9:3
46,13:61
46,14:44
46,15:422
46,16:392
46,17:94
46,18:180
46,20:40
46,21:29
46,22:323
46,23:13
46,24:182
46,25:224
46,26:347
46,27:457
46,28:71
46,29:397
46,31:37
46,32:84
46,33:115
46,34:124
46,35:445
46,36:55
46,37:368
46,39:201
46,40:336
46,41:368
46,42:451
46,43:97
46,44:167
46,45:210
46,47:287
46,48:330
46,49:211
46,50:12
46,51:106
46,52:364
46,53:102
46,54:383
46,55:31
46,56:53
46,57:227
46,58:448
46,59:130
46,60:85
46,61:124
46,62:271
46,63:7
46,64:120
46,65:393
46,66:255
46,67:51
46,68:56
46,69:47
46,70:28
46,71:304
46,72:255
46,73:176
46,74:245
46,75:127
46,76:130
46,77:28
46,78:311
46,79:105
46,80:53
46,81:116
46,82:3
46,83:5
46,84:156
46,85:108
46,86:213
46,87:86
46,88:353
46,89:259
46,90:420
46,91:103
46,92:68
46,93:95
46,94:41
46,95:17
46,96:106
46,97:77
46,98:453
46,99:118
46,100:444
46,101:125
46,102:283
46,103:415
46,104:103
46,105:445
46,106:11
46,107:99
46,108:2
46,109:88
46,110:214
47,5:222
47,6:35
47,7:156
47,8:39
47,9:290
47,13:226
47,15:135
47,16:105
47,17:381
47,18:107
47,19:219
47,20:327
47,21:316
47,22:36
47,23:300
47,24:105
47,26:60
47,27:170
47,28:216
47,29:110
47,30:150
47,31:324
47,32:371
47,33:172
47,35:158
47,36:232
47,37:81
47,38:379
47,39:86
47,40:49
47,41:81
47,43:190
47,44:120
47,45:77
47,46:287
47,48:43
47,49:76
47,50:299
47,51:181
47,52:77
47,53:185
47,54:96
47,55:256
47,56:340
47,57:60
47,58:161
47,59:157
47,60:202
48,5:265
48,6:78
48,7:199
48,8:4
48,9:333
48,13:269
48,14:374
48,15:92
48,17:424
48,18:150
48,19:262
48,20:370
48,21:359
48,22:7
48,23:343
48,24:148
48,25:106
48,26:17
48,28:259
48,29:67
48,30:193
48,31:367
48,32:414
48,33:215
48,34:206
48,36:275
48,37:38
48,38:422
48,39:129
48,40:6
48,41:38
48,42:121
48,44:163
48,45:120
48,46:330
48,47:43
48,49:119
48,50:342
48,51:224
48,52:34
48,53:228
48,54:53
48,55:299
48,56:383
48,57:103
48,58:118
48,59:200
48,60:245
48,61:206
48,62:59
48,63:337
48,64:210
48,65:63
48,66:75
48,67:279
48,68:386
48,69:283
48,70:358
48,71:26
48,72:75
48,73:154
48,74:85
48,75:203
48,76:200
48,77:302
48,78:19
48,79:225
48,80:277
48,81:214
48,82:333
48,83:325
48,84:174
48,85:438
48,86:117
48,87:416
48,88:23
48,89:71
48,90:90
48,91:227
48,92:398
48,93:425
48,94:371
48,95:347
48,96:224
48,97:253
48,98:123
48,99:212
48,100:114
48,101:205
48,102:47
48,103:85
48,104:433
48,105:115
48,106:319
48,107:429
48,108:332
48,109:242
48,110:116
49,5:146
49,6:41
49,7:80
49,8:115
49,9:214
49,13:150
49,14:255
49,15:211
49,17:305
49,18:31
49,19:143
49,20:251
49,21:240
49,22:112
49,23:224
49,24:29
49,25:13
49,26:136
49,28:140
49,29:186
49,30:74
49,31:248
49,32:295
49,33:96
49,34:87
49,36:156
49,37:157
49,38:303
49,39:10
49,40:125
49,41:157
49,42:240
49,44:44
49,45:1
49,46:211
49,47:76
49,48:119
49,50:223
49,51:105
49,52:153
49,53:109
49,54:172
49,55:180
49,56:264
49,57:16
49,58:237
49,59:81
49,60:126
49,61:87
49,62:60
49,63:218
49,64:91
49,65:182
49,66:44
49,67:160
49,68:267
49,69:164
49,70:239
49,71:93
49,72:44
49,73:35
49,74:34
49,75:84
49,76:81
49,77:183
49,78:100
49,79:106
49,80:158
49,81:95
49,82:214
49,83:206
49,84:55
49,85:319
49,86:2
49,87:297
49,88:142
49,89:48
49,90:209
49,91:108
50,5:77
50,6:264
50,7:143
50,8:338
50,9:9
50,13:73
50,14:32
50,15:434
50,16:404
50,18:192
50,19:80
50,20:28
50,21:17
50,22:335
50,23:1
50,24:194
50,25:236
50,26:359
50,27:469
50,29:409
50,30:149
50,31:25
50,32:72
50,33:127
50,34:136
50,35:457
50,37:380
50,38:80
50,39:213
50,40:348
50,41:380
50,42:463
50,43:109
50,45:222
50,46:12
50,47:299
50,48:342
50,49:223
50,51:118
50,52:376
50,53:114
50,54:395
50,55:43
50,56:41
50,57:239
50,58:460
50,59:142
50,60:97
50,61:136
50,62:283
50,63:5
50,64:132
50,65:405
50,66:267
50,67:63
50,68:44
50,69:59
50,70:16
50,71:316
50,72:267
50,73:188
50,74:257
50,75:139
50,76:142
50,77:40
50,78:323
50,79:117
50,80:65
50,81:128
50,82:9
50,83:17
50,84:168
50,85:96
50,86:225
50,87:74
50,88:365
50,89:271
50,90:432
50,91:115
50,92:56
50,93:83
50,94:29
50,95:5
50,96:118
50,97:89
50,98:465
50,99:130
50,100:456
50,101:137
50,102:295
50,103:427
50,104:91
50,105:457
50,106:23
50,107:87
50,108:10
50,109:100
50,110:226
50,111:193
51,5:41
51,6:146
51,7:25
51,8:220
51,9:109
51,13:45
51,14:150
51,15:316
51,16:286
51,17:200
51,19:38
51,20:146
51,21:135
51,22:217
51,23:119
51,24:76
51,25:118
51,26:241
51,27:351
51,28:35
51,30:31
51,31:143
51,32:190
51,33:9
51,34:18
51,35:339
51,36:51
51,38:198
51,39:95
51,40:230
51,41:262
51,42:345
51,43:9
51,44:61
51,46:106
51,47:181
51,48:224
51,49:105
51,50:118
51,52:258
51,53:4
51,54:277
51,55:75
51,56:159
51,57:121
51,58:342
51,59:24
51,60:21
51,61:18
51,62:165
51,63:113
51,64:14
51,65:287
51,66:149
51,67:55
51,68:162
51,69:59
51,70:134
51,71:198
51,72:149
51,73:70
51,74:139
51,75:21
51,76:24
51,77:78
51,78:205
51,79:1
51,80:53
51,81:10
51,82:109
51,83:101
51,84:50
51,85:214
